,project,algorithm,batch_size,update_method,factor,num_of_builds,builds_saved,testall_size
0,junit-team-junit5.csv,BATCHBISECT,-1,linear,1,558,67.09905660377359,1696
1,junit-team-junit5.csv,BATCHBISECT,-1,linear,2,566,66.62735849056604,1696
2,junit-team-junit5.csv,BATCHBISECT,-1,linear,3,565,66.68632075471697,1696
3,junit-team-junit5.csv,BATCHBISECT,-1,linear,4,577,65.97877358490567,1696
4,junit-team-junit5.csv,BATCHSTOP4,-1,linear,1,533,68.57311320754717,1696
5,junit-team-junit5.csv,BATCHSTOP4,-1,linear,2,539,68.21933962264151,1696
6,junit-team-junit5.csv,BATCHSTOP4,-1,linear,3,542,68.04245283018868,1696
7,junit-team-junit5.csv,BATCHSTOP4,-1,linear,4,558,67.09905660377359,1696
8,junit-team-junit5.csv,BATCHDIVIDE4,-1,linear,1,724,57.31132075471698,1696
9,junit-team-junit5.csv,BATCHDIVIDE4,-1,linear,2,729,57.01650943396226,1696
10,junit-team-junit5.csv,BATCHDIVIDE4,-1,linear,3,731,56.89858490566038,1696
11,junit-team-junit5.csv,BATCHDIVIDE4,-1,linear,4,751,55.719339622641506,1696
12,junit-team-junit5.csv,BATCHBISECT,-1,exponential,2,573,66.21462264150944,1696
13,junit-team-junit5.csv,BATCHBISECT,-1,exponential,3,590,65.2122641509434,1696
14,junit-team-junit5.csv,BATCHSTOP4,-1,exponential,2,549,67.62971698113208,1696
15,junit-team-junit5.csv,BATCHSTOP4,-1,exponential,3,570,66.39150943396226,1696
16,junit-team-junit5.csv,BATCHDIVIDE4,-1,exponential,2,716,57.783018867924525,1696
17,junit-team-junit5.csv,BATCHDIVIDE4,-1,exponential,3,615,63.738207547169814,1696
18,junit-team-junit5.csv,BATCHBISECT,-1,stagger,2,577,65.97877358490567,1696
19,junit-team-junit5.csv,BATCHBISECT,-1,stagger,3,574,66.15566037735849,1696
20,junit-team-junit5.csv,BATCHSTOP4,-1,stagger,2,571,66.33254716981132,1696
21,junit-team-junit5.csv,BATCHSTOP4,-1,stagger,3,550,67.57075471698113,1696
22,junit-team-junit5.csv,BATCHDIVIDE4,-1,stagger,2,749,55.8372641509434,1696
23,junit-team-junit5.csv,BATCHDIVIDE4,-1,stagger,3,725,57.25235849056604,1696
24,junit-team-junit5.csv,BATCHBISECT,-1,random_linear,-1,589,65.27122641509433,1696
25,junit-team-junit5.csv,BATCHSTOP4,-1,random_linear,-1,572,66.27358490566039,1696
26,junit-team-junit5.csv,BATCHDIVIDE4,-1,random_linear,-1,274,83.84433962264151,1696
27,junit-team-junit5.csv,BATCHBISECT,-1,random_exponential,-1,599,64.6816037735849,1696
28,junit-team-junit5.csv,BATCHSTOP4,-1,random_exponential,-1,571,66.33254716981132,1696
29,junit-team-junit5.csv,BATCHDIVIDE4,-1,random_exponential,-1,350,79.36320754716981,1696
30,junit-team-junit5.csv,BATCHBISECT,-1,random_random,-1,603,64.44575471698113,1696
31,junit-team-junit5.csv,BATCHSTOP4,-1,random_random,-1,542,68.04245283018868,1696
32,junit-team-junit5.csv,BATCHDIVIDE4,-1,random_random,-1,745,56.073113207547166,1696
33,ratpack-ratpack.csv,BATCHBISECT,-1,linear,1,1829,2.5053304904051146,1876
34,ratpack-ratpack.csv,BATCHBISECT,-1,linear,2,1852,1.2793176972281515,1876
35,ratpack-ratpack.csv,BATCHBISECT,-1,linear,3,1854,1.1727078891258031,1876
36,ratpack-ratpack.csv,BATCHBISECT,-1,linear,4,1894,-0.9594882729211065,1876
37,ratpack-ratpack.csv,BATCHSTOP4,-1,linear,1,2075,-10.607675906183374,1876
38,ratpack-ratpack.csv,BATCHSTOP4,-1,linear,2,2108,-12.366737739872065,1876
39,ratpack-ratpack.csv,BATCHSTOP4,-1,linear,3,2077,-10.714285714285708,1876
40,ratpack-ratpack.csv,BATCHSTOP4,-1,linear,4,2158,-15.031982942430702,1876
41,ratpack-ratpack.csv,BATCHDIVIDE4,-1,linear,1,2085,-11.140724946695101,1876
42,ratpack-ratpack.csv,BATCHDIVIDE4,-1,linear,2,2116,-12.793176972281444,1876
43,ratpack-ratpack.csv,BATCHDIVIDE4,-1,linear,3,2094,-11.620469083155655,1876
44,ratpack-ratpack.csv,BATCHDIVIDE4,-1,linear,4,2142,-14.179104477611943,1876
45,ratpack-ratpack.csv,BATCHBISECT,-1,exponential,2,1848,1.492537313432834,1876
46,ratpack-ratpack.csv,BATCHBISECT,-1,exponential,3,1862,0.7462686567164241,1876
47,ratpack-ratpack.csv,BATCHSTOP4,-1,exponential,2,2066,-10.12793176972282,1876
48,ratpack-ratpack.csv,BATCHSTOP4,-1,exponential,3,2094,-11.620469083155655,1876
49,ratpack-ratpack.csv,BATCHDIVIDE4,-1,exponential,2,2071,-10.394456289978677,1876
50,ratpack-ratpack.csv,BATCHDIVIDE4,-1,exponential,3,2094,-11.620469083155655,1876
51,ratpack-ratpack.csv,BATCHBISECT,-1,stagger,2,1778,5.223880597014926,1876
52,ratpack-ratpack.csv,BATCHBISECT,-1,stagger,3,1881,-0.2665245202558566,1876
53,ratpack-ratpack.csv,BATCHSTOP4,-1,stagger,2,2116,-12.793176972281444,1876
54,ratpack-ratpack.csv,BATCHSTOP4,-1,stagger,3,2140,-14.072494669509595,1876
55,ratpack-ratpack.csv,BATCHDIVIDE4,-1,stagger,2,2130,-13.539445628997868,1876
56,ratpack-ratpack.csv,BATCHDIVIDE4,-1,stagger,3,2138,-13.965884861407247,1876
57,ratpack-ratpack.csv,BATCHBISECT,-1,random_linear,-1,2034,-8.42217484008529,1876
58,ratpack-ratpack.csv,BATCHSTOP4,-1,random_linear,-1,2176,-15.991471215351808,1876
59,ratpack-ratpack.csv,BATCHDIVIDE4,-1,random_linear,-1,1898,-1.1727078891258031,1876
60,ratpack-ratpack.csv,BATCHBISECT,-1,random_exponential,-1,1912,-1.918976545842213,1876
61,ratpack-ratpack.csv,BATCHSTOP4,-1,random_exponential,-1,2127,-13.379530916844345,1876
62,ratpack-ratpack.csv,BATCHDIVIDE4,-1,random_exponential,-1,1913,-1.9722814498933872,1876
63,ratpack-ratpack.csv,BATCHBISECT,-1,random_random,-1,1982,-5.650319829424305,1876
64,ratpack-ratpack.csv,BATCHSTOP4,-1,random_random,-1,2106,-12.260127931769716,1876
65,ratpack-ratpack.csv,BATCHDIVIDE4,-1,random_random,-1,2195,-17.00426439232409,1876
66,p6spy-p6spy.csv,BATCHBISECT,-1,linear,1,1117,13.276397515527947,1288
67,p6spy-p6spy.csv,BATCHBISECT,-1,linear,2,1106,14.130434782608702,1288
68,p6spy-p6spy.csv,BATCHBISECT,-1,linear,3,1104,14.285714285714292,1288
69,p6spy-p6spy.csv,BATCHBISECT,-1,linear,4,1116,13.354037267080741,1288
70,p6spy-p6spy.csv,BATCHSTOP4,-1,linear,1,1187,7.841614906832305,1288
71,p6spy-p6spy.csv,BATCHSTOP4,-1,linear,2,1187,7.841614906832305,1288
72,p6spy-p6spy.csv,BATCHSTOP4,-1,linear,3,1173,8.92857142857143,1288
73,p6spy-p6spy.csv,BATCHSTOP4,-1,linear,4,1218,5.434782608695656,1288
74,p6spy-p6spy.csv,BATCHDIVIDE4,-1,linear,1,1243,3.4937888198757747,1288
75,p6spy-p6spy.csv,BATCHDIVIDE4,-1,linear,2,1244,3.41614906832298,1288
76,p6spy-p6spy.csv,BATCHDIVIDE4,-1,linear,3,1228,4.658385093167695,1288
77,p6spy-p6spy.csv,BATCHDIVIDE4,-1,linear,4,1282,0.46583850931676807,1288
78,p6spy-p6spy.csv,BATCHBISECT,-1,exponential,2,1109,13.897515527950304,1288
79,p6spy-p6spy.csv,BATCHBISECT,-1,exponential,3,1089,15.450310559006212,1288
80,p6spy-p6spy.csv,BATCHSTOP4,-1,exponential,2,1201,6.754658385093165,1288
81,p6spy-p6spy.csv,BATCHSTOP4,-1,exponential,3,1230,4.5031055900621055,1288
82,p6spy-p6spy.csv,BATCHDIVIDE4,-1,exponential,2,1252,2.7950310559006226,1288
83,p6spy-p6spy.csv,BATCHDIVIDE4,-1,exponential,3,1254,2.6397515527950333,1288
84,p6spy-p6spy.csv,BATCHBISECT,-1,stagger,2,1051,18.400621118012424,1288
85,p6spy-p6spy.csv,BATCHBISECT,-1,stagger,3,1096,14.90683229813665,1288
86,p6spy-p6spy.csv,BATCHSTOP4,-1,stagger,2,1250,2.950310559006212,1288
87,p6spy-p6spy.csv,BATCHSTOP4,-1,stagger,3,1240,3.7267080745341588,1288
88,p6spy-p6spy.csv,BATCHDIVIDE4,-1,stagger,2,1296,-0.6211180124223574,1288
89,p6spy-p6spy.csv,BATCHDIVIDE4,-1,stagger,3,1280,0.6211180124223574,1288
90,p6spy-p6spy.csv,BATCHBISECT,-1,random_linear,-1,1209,6.133540372670808,1288
91,p6spy-p6spy.csv,BATCHSTOP4,-1,random_linear,-1,1222,5.124223602484477,1288
92,p6spy-p6spy.csv,BATCHDIVIDE4,-1,random_linear,-1,1111,13.742236024844715,1288
93,p6spy-p6spy.csv,BATCHBISECT,-1,random_exponential,-1,1143,11.257763975155285,1288
94,p6spy-p6spy.csv,BATCHSTOP4,-1,random_exponential,-1,1205,6.444099378881987,1288
95,p6spy-p6spy.csv,BATCHDIVIDE4,-1,random_exponential,-1,1164,9.627329192546583,1288
96,p6spy-p6spy.csv,BATCHBISECT,-1,random_random,-1,1219,5.357142857142861,1288
97,p6spy-p6spy.csv,BATCHSTOP4,-1,random_random,-1,1198,6.987577639751549,1288
98,p6spy-p6spy.csv,BATCHDIVIDE4,-1,random_random,-1,1260,2.173913043478265,1288
99,apache-tajo.csv,BATCHBISECT,-1,linear,1,993,22.84382284382285,1287
100,apache-tajo.csv,BATCHBISECT,-1,linear,2,979,23.931623931623932,1287
101,apache-tajo.csv,BATCHBISECT,-1,linear,3,993,22.84382284382285,1287
102,apache-tajo.csv,BATCHBISECT,-1,linear,4,996,22.610722610722604,1287
103,apache-tajo.csv,BATCHSTOP4,-1,linear,1,904,29.759129759129763,1287
104,apache-tajo.csv,BATCHSTOP4,-1,linear,2,916,28.826728826728825,1287
105,apache-tajo.csv,BATCHSTOP4,-1,linear,3,911,29.215229215229215,1287
106,apache-tajo.csv,BATCHSTOP4,-1,linear,4,945,26.573426573426573,1287
107,apache-tajo.csv,BATCHDIVIDE4,-1,linear,1,975,24.24242424242425,1287
108,apache-tajo.csv,BATCHDIVIDE4,-1,linear,2,999,22.377622377622373,1287
109,apache-tajo.csv,BATCHDIVIDE4,-1,linear,3,972,24.47552447552448,1287
110,apache-tajo.csv,BATCHDIVIDE4,-1,linear,4,1021,20.66822066822067,1287
111,apache-tajo.csv,BATCHBISECT,-1,exponential,2,960,25.407925407925404,1287
112,apache-tajo.csv,BATCHBISECT,-1,exponential,3,946,26.4957264957265,1287
113,apache-tajo.csv,BATCHSTOP4,-1,exponential,2,896,30.380730380730384,1287
114,apache-tajo.csv,BATCHSTOP4,-1,exponential,3,947,26.418026418026415,1287
115,apache-tajo.csv,BATCHDIVIDE4,-1,exponential,2,956,25.71872571872572,1287
116,apache-tajo.csv,BATCHDIVIDE4,-1,exponential,3,948,26.340326340326342,1287
117,apache-tajo.csv,BATCHBISECT,-1,stagger,2,911,29.215229215229215,1287
118,apache-tajo.csv,BATCHBISECT,-1,stagger,3,931,27.661227661227656,1287
119,apache-tajo.csv,BATCHSTOP4,-1,stagger,2,939,27.039627039627035,1287
120,apache-tajo.csv,BATCHSTOP4,-1,stagger,3,927,27.972027972027973,1287
121,apache-tajo.csv,BATCHDIVIDE4,-1,stagger,2,997,22.53302253302253,1287
122,apache-tajo.csv,BATCHDIVIDE4,-1,stagger,3,995,22.68842268842269,1287
123,apache-tajo.csv,BATCHBISECT,-1,random_linear,-1,1029,20.04662004662005,1287
124,apache-tajo.csv,BATCHSTOP4,-1,random_linear,-1,946,26.4957264957265,1287
125,apache-tajo.csv,BATCHDIVIDE4,-1,random_linear,-1,659,48.795648795648795,1287
126,apache-tajo.csv,BATCHBISECT,-1,random_exponential,-1,981,23.776223776223773,1287
127,apache-tajo.csv,BATCHSTOP4,-1,random_exponential,-1,962,25.252525252525245,1287
128,apache-tajo.csv,BATCHDIVIDE4,-1,random_exponential,-1,659,48.795648795648795,1287
129,apache-tajo.csv,BATCHBISECT,-1,random_random,-1,1015,21.13442113442113,1287
130,apache-tajo.csv,BATCHSTOP4,-1,random_random,-1,904,29.759129759129763,1287
131,apache-tajo.csv,BATCHDIVIDE4,-1,random_random,-1,990,23.07692307692308,1287
132,osmdroid-osmdroid.csv,BATCHBISECT,-1,linear,1,1075,-1.0338345864661704,1064
133,osmdroid-osmdroid.csv,BATCHBISECT,-1,linear,2,980,7.89473684210526,1064
134,osmdroid-osmdroid.csv,BATCHBISECT,-1,linear,3,1002,5.8270676691729335,1064
135,osmdroid-osmdroid.csv,BATCHBISECT,-1,linear,4,972,8.646616541353382,1064
136,osmdroid-osmdroid.csv,BATCHSTOP4,-1,linear,1,1256,-18.045112781954884,1064
137,osmdroid-osmdroid.csv,BATCHSTOP4,-1,linear,2,1296,-21.80451127819549,1064
138,osmdroid-osmdroid.csv,BATCHSTOP4,-1,linear,3,1277,-20.0187969924812,1064
139,osmdroid-osmdroid.csv,BATCHSTOP4,-1,linear,4,1311,-23.214285714285708,1064
140,osmdroid-osmdroid.csv,BATCHDIVIDE4,-1,linear,1,1265,-18.890977443609017,1064
141,osmdroid-osmdroid.csv,BATCHDIVIDE4,-1,linear,2,1340,-25.939849624060145,1064
142,osmdroid-osmdroid.csv,BATCHDIVIDE4,-1,linear,3,1302,-22.368421052631575,1064
143,osmdroid-osmdroid.csv,BATCHDIVIDE4,-1,linear,4,1340,-25.939849624060145,1064
144,osmdroid-osmdroid.csv,BATCHBISECT,-1,exponential,2,1020,4.1353383458646675,1064
145,osmdroid-osmdroid.csv,BATCHBISECT,-1,exponential,3,938,11.84210526315789,1064
146,osmdroid-osmdroid.csv,BATCHSTOP4,-1,exponential,2,1239,-16.44736842105263,1064
147,osmdroid-osmdroid.csv,BATCHSTOP4,-1,exponential,3,1328,-24.812030075187977,1064
148,osmdroid-osmdroid.csv,BATCHDIVIDE4,-1,exponential,2,1260,-18.421052631578945,1064
149,osmdroid-osmdroid.csv,BATCHDIVIDE4,-1,exponential,3,1328,-24.812030075187977,1064
150,osmdroid-osmdroid.csv,BATCHBISECT,-1,stagger,2,923,13.251879699248121,1064
151,osmdroid-osmdroid.csv,BATCHBISECT,-1,stagger,3,913,14.191729323308266,1064
152,osmdroid-osmdroid.csv,BATCHSTOP4,-1,stagger,2,1327,-24.71804511278195,1064
153,osmdroid-osmdroid.csv,BATCHSTOP4,-1,stagger,3,1357,-27.5375939849624,1064
154,osmdroid-osmdroid.csv,BATCHDIVIDE4,-1,stagger,2,1348,-26.691729323308266,1064
155,osmdroid-osmdroid.csv,BATCHDIVIDE4,-1,stagger,3,1381,-29.793233082706763,1064
156,osmdroid-osmdroid.csv,BATCHBISECT,-1,random_linear,-1,1078,-1.3157894736842053,1064
157,osmdroid-osmdroid.csv,BATCHSTOP4,-1,random_linear,-1,1320,-24.060150375939855,1064
158,osmdroid-osmdroid.csv,BATCHDIVIDE4,-1,random_linear,-1,1055,0.845864661654133,1064
159,osmdroid-osmdroid.csv,BATCHBISECT,-1,random_exponential,-1,970,8.834586466165419,1064
160,osmdroid-osmdroid.csv,BATCHSTOP4,-1,random_exponential,-1,1293,-21.522556390977442,1064
161,osmdroid-osmdroid.csv,BATCHDIVIDE4,-1,random_exponential,-1,1105,-3.8533834586466185,1064
162,osmdroid-osmdroid.csv,BATCHBISECT,-1,random_random,-1,1017,4.417293233082702,1064
163,osmdroid-osmdroid.csv,BATCHSTOP4,-1,random_random,-1,1287,-20.95864661654136,1064
164,osmdroid-osmdroid.csv,BATCHDIVIDE4,-1,random_random,-1,1314,-23.496240601503757,1064
165,DSpace-DSpace.csv,BATCHBISECT,-1,linear,1,572,63.70558375634518,1576
166,DSpace-DSpace.csv,BATCHBISECT,-1,linear,2,563,64.2766497461929,1576
167,DSpace-DSpace.csv,BATCHBISECT,-1,linear,3,573,63.642131979695435,1576
168,DSpace-DSpace.csv,BATCHBISECT,-1,linear,4,564,64.21319796954315,1576
169,DSpace-DSpace.csv,BATCHSTOP4,-1,linear,1,554,64.84771573604061,1576
170,DSpace-DSpace.csv,BATCHSTOP4,-1,linear,2,542,65.60913705583756,1576
171,DSpace-DSpace.csv,BATCHSTOP4,-1,linear,3,559,64.53045685279187,1576
172,DSpace-DSpace.csv,BATCHSTOP4,-1,linear,4,552,64.9746192893401,1576
173,DSpace-DSpace.csv,BATCHDIVIDE4,-1,linear,1,729,53.743654822335024,1576
174,DSpace-DSpace.csv,BATCHDIVIDE4,-1,linear,2,717,54.505076142131976,1576
175,DSpace-DSpace.csv,BATCHDIVIDE4,-1,linear,3,775,50.8248730964467,1576
176,DSpace-DSpace.csv,BATCHDIVIDE4,-1,linear,4,747,52.601522842639596,1576
177,DSpace-DSpace.csv,BATCHBISECT,-1,exponential,2,577,63.388324873096444,1576
178,DSpace-DSpace.csv,BATCHBISECT,-1,exponential,3,595,62.246192893401016,1576
179,DSpace-DSpace.csv,BATCHSTOP4,-1,exponential,2,562,64.34010152284264,1576
180,DSpace-DSpace.csv,BATCHSTOP4,-1,exponential,3,577,63.388324873096444,1576
181,DSpace-DSpace.csv,BATCHDIVIDE4,-1,exponential,2,721,54.25126903553299,1576
182,DSpace-DSpace.csv,BATCHDIVIDE4,-1,exponential,3,594,62.30964467005076,1576
183,DSpace-DSpace.csv,BATCHBISECT,-1,stagger,2,586,62.81725888324873,1576
184,DSpace-DSpace.csv,BATCHBISECT,-1,stagger,3,574,63.578680203045685,1576
185,DSpace-DSpace.csv,BATCHSTOP4,-1,stagger,2,575,63.515228426395936,1576
186,DSpace-DSpace.csv,BATCHSTOP4,-1,stagger,3,570,63.83248730964467,1576
187,DSpace-DSpace.csv,BATCHDIVIDE4,-1,stagger,2,720,54.31472081218274,1576
188,DSpace-DSpace.csv,BATCHDIVIDE4,-1,stagger,3,724,54.06091370558376,1576
189,DSpace-DSpace.csv,BATCHBISECT,-1,random_linear,-1,587,62.753807106598984,1576
190,DSpace-DSpace.csv,BATCHSTOP4,-1,random_linear,-1,553,64.91116751269035,1576
191,DSpace-DSpace.csv,BATCHDIVIDE4,-1,random_linear,-1,234,85.15228426395939,1576
192,DSpace-DSpace.csv,BATCHBISECT,-1,random_exponential,-1,581,63.13451776649746,1576
193,DSpace-DSpace.csv,BATCHSTOP4,-1,random_exponential,-1,560,64.46700507614213,1576
194,DSpace-DSpace.csv,BATCHDIVIDE4,-1,random_exponential,-1,539,65.7994923857868,1576
195,DSpace-DSpace.csv,BATCHBISECT,-1,random_random,-1,573,63.642131979695435,1576
196,DSpace-DSpace.csv,BATCHSTOP4,-1,random_random,-1,559,64.53045685279187,1576
197,DSpace-DSpace.csv,BATCHDIVIDE4,-1,random_random,-1,725,53.99746192893401,1576
198,apache-nifi.csv,BATCHBISECT,-1,linear,1,1105,13.060582218725415,1271
199,apache-nifi.csv,BATCHBISECT,-1,linear,2,1026,19.276160503540524,1271
200,apache-nifi.csv,BATCHBISECT,-1,linear,3,1036,18.489378442171514,1271
201,apache-nifi.csv,BATCHBISECT,-1,linear,4,1045,17.781274586939418,1271
202,apache-nifi.csv,BATCHSTOP4,-1,linear,1,1010,20.535011801730917,1271
203,apache-nifi.csv,BATCHSTOP4,-1,linear,2,1030,18.961447678992926,1271
204,apache-nifi.csv,BATCHSTOP4,-1,linear,3,1025,19.354838709677423,1271
205,apache-nifi.csv,BATCHSTOP4,-1,linear,4,1105,13.060582218725415,1271
206,apache-nifi.csv,BATCHDIVIDE4,-1,linear,1,1067,16.050354051927613,1271
207,apache-nifi.csv,BATCHDIVIDE4,-1,linear,2,1090,14.240755310778908,1271
208,apache-nifi.csv,BATCHDIVIDE4,-1,linear,3,1070,15.814319433516914,1271
209,apache-nifi.csv,BATCHDIVIDE4,-1,linear,4,1141,10.228166797797016,1271
210,apache-nifi.csv,BATCHBISECT,-1,exponential,2,1039,18.253343823760815,1271
211,apache-nifi.csv,BATCHBISECT,-1,exponential,3,985,22.50196695515342,1271
212,apache-nifi.csv,BATCHSTOP4,-1,exponential,2,1016,20.06294256490952,1271
213,apache-nifi.csv,BATCHSTOP4,-1,exponential,3,1110,12.667191188040917,1271
214,apache-nifi.csv,BATCHDIVIDE4,-1,exponential,2,1063,16.36506687647521,1271
215,apache-nifi.csv,BATCHDIVIDE4,-1,exponential,3,1110,12.667191188040917,1271
216,apache-nifi.csv,BATCHBISECT,-1,stagger,2,982,22.73800157356412,1271
217,apache-nifi.csv,BATCHBISECT,-1,stagger,3,997,21.557828481510626,1271
218,apache-nifi.csv,BATCHSTOP4,-1,stagger,2,1063,16.36506687647521,1271
219,apache-nifi.csv,BATCHSTOP4,-1,stagger,3,1121,11.801730920535007,1271
220,apache-nifi.csv,BATCHDIVIDE4,-1,stagger,2,1110,12.667191188040917,1271
221,apache-nifi.csv,BATCHDIVIDE4,-1,stagger,3,1150,9.520062942564905,1271
222,apache-nifi.csv,BATCHBISECT,-1,random_linear,-1,1114,12.352478363493319,1271
223,apache-nifi.csv,BATCHSTOP4,-1,random_linear,-1,1076,15.342250196695517,1271
224,apache-nifi.csv,BATCHDIVIDE4,-1,random_linear,-1,736,42.09284028324154,1271
225,apache-nifi.csv,BATCHBISECT,-1,random_exponential,-1,1072,15.656963021243115,1271
226,apache-nifi.csv,BATCHSTOP4,-1,random_exponential,-1,1100,13.453973249409913,1271
227,apache-nifi.csv,BATCHDIVIDE4,-1,random_exponential,-1,751,40.91266719118804,1271
228,apache-nifi.csv,BATCHBISECT,-1,random_random,-1,1077,15.263571990558617,1271
229,apache-nifi.csv,BATCHSTOP4,-1,random_random,-1,1052,17.23052714398112,1271
230,apache-nifi.csv,BATCHDIVIDE4,-1,random_random,-1,1120,11.880409126671907,1271
231,caelum-vraptor4.csv,BATCHBISECT,-1,linear,1,833,41.666666666666664,1428
232,caelum-vraptor4.csv,BATCHBISECT,-1,linear,2,809,43.34733893557423,1428
233,caelum-vraptor4.csv,BATCHBISECT,-1,linear,3,805,43.627450980392155,1428
234,caelum-vraptor4.csv,BATCHBISECT,-1,linear,4,788,44.817927170868344,1428
235,caelum-vraptor4.csv,BATCHSTOP4,-1,linear,1,791,44.6078431372549,1428
236,caelum-vraptor4.csv,BATCHSTOP4,-1,linear,2,793,44.46778711484594,1428
237,caelum-vraptor4.csv,BATCHSTOP4,-1,linear,3,781,45.30812324929972,1428
238,caelum-vraptor4.csv,BATCHSTOP4,-1,linear,4,778,45.51820728291317,1428
239,caelum-vraptor4.csv,BATCHDIVIDE4,-1,linear,1,878,38.515406162464984,1428
240,caelum-vraptor4.csv,BATCHDIVIDE4,-1,linear,2,889,37.745098039215684,1428
241,caelum-vraptor4.csv,BATCHDIVIDE4,-1,linear,3,888,37.81512605042017,1428
242,caelum-vraptor4.csv,BATCHDIVIDE4,-1,linear,4,901,36.904761904761905,1428
243,caelum-vraptor4.csv,BATCHBISECT,-1,exponential,2,794,44.397759103641455,1428
244,caelum-vraptor4.csv,BATCHBISECT,-1,exponential,3,811,43.207282913165265,1428
245,caelum-vraptor4.csv,BATCHSTOP4,-1,exponential,2,794,44.397759103641455,1428
246,caelum-vraptor4.csv,BATCHSTOP4,-1,exponential,3,801,43.90756302521008,1428
247,caelum-vraptor4.csv,BATCHDIVIDE4,-1,exponential,2,866,39.35574229691877,1428
248,caelum-vraptor4.csv,BATCHDIVIDE4,-1,exponential,3,801,43.90756302521008,1428
249,caelum-vraptor4.csv,BATCHBISECT,-1,stagger,2,806,43.55742296918768,1428
250,caelum-vraptor4.csv,BATCHBISECT,-1,stagger,3,805,43.627450980392155,1428
251,caelum-vraptor4.csv,BATCHSTOP4,-1,stagger,2,803,43.76750700280112,1428
252,caelum-vraptor4.csv,BATCHSTOP4,-1,stagger,3,802,43.8375350140056,1428
253,caelum-vraptor4.csv,BATCHDIVIDE4,-1,stagger,2,878,38.515406162464984,1428
254,caelum-vraptor4.csv,BATCHDIVIDE4,-1,stagger,3,882,38.23529411764706,1428
255,caelum-vraptor4.csv,BATCHBISECT,-1,random_linear,-1,846,40.7563025210084,1428
256,caelum-vraptor4.csv,BATCHSTOP4,-1,random_linear,-1,808,43.417366946778714,1428
257,caelum-vraptor4.csv,BATCHDIVIDE4,-1,random_linear,-1,371,74.01960784313725,1428
258,caelum-vraptor4.csv,BATCHBISECT,-1,random_exponential,-1,867,39.285714285714285,1428
259,caelum-vraptor4.csv,BATCHSTOP4,-1,random_exponential,-1,822,42.436974789915965,1428
260,caelum-vraptor4.csv,BATCHDIVIDE4,-1,random_exponential,-1,283,80.18207282913166,1428
261,caelum-vraptor4.csv,BATCHBISECT,-1,random_random,-1,806,43.55742296918768,1428
262,caelum-vraptor4.csv,BATCHSTOP4,-1,random_random,-1,790,44.67787114845938,1428
263,caelum-vraptor4.csv,BATCHDIVIDE4,-1,random_random,-1,890,37.675070028011206,1428
264,grails-grails-core.csv,BATCHBISECT,-1,linear,1,1049,1.2241054613935916,1062
265,grails-grails-core.csv,BATCHBISECT,-1,linear,2,1052,0.941619585687377,1062
266,grails-grails-core.csv,BATCHBISECT,-1,linear,3,1046,1.506591337099806,1062
267,grails-grails-core.csv,BATCHBISECT,-1,linear,4,1051,1.0357815442561247,1062
268,grails-grails-core.csv,BATCHSTOP4,-1,linear,1,1041,1.9774011299435017,1062
269,grails-grails-core.csv,BATCHSTOP4,-1,linear,2,1055,0.6591337099811625,1062
270,grails-grails-core.csv,BATCHSTOP4,-1,linear,3,1027,3.295668549905841,1062
271,grails-grails-core.csv,BATCHSTOP4,-1,linear,4,1074,-1.1299435028248581,1062
272,grails-grails-core.csv,BATCHDIVIDE4,-1,linear,1,1040,2.071563088512235,1062
273,grails-grails-core.csv,BATCHDIVIDE4,-1,linear,2,1070,-0.7532956685499101,1062
274,grails-grails-core.csv,BATCHDIVIDE4,-1,linear,3,1036,2.4482109227871973,1062
275,grails-grails-core.csv,BATCHDIVIDE4,-1,linear,4,1101,-3.672316384180789,1062
276,grails-grails-core.csv,BATCHBISECT,-1,exponential,2,1033,2.730696798493412,1062
277,grails-grails-core.csv,BATCHBISECT,-1,exponential,3,1051,1.0357815442561247,1062
278,grails-grails-core.csv,BATCHSTOP4,-1,exponential,2,1035,2.5423728813559308,1062
279,grails-grails-core.csv,BATCHSTOP4,-1,exponential,3,1042,1.8832391713747683,1062
280,grails-grails-core.csv,BATCHDIVIDE4,-1,exponential,2,1045,1.6007532956685537,1062
281,grails-grails-core.csv,BATCHDIVIDE4,-1,exponential,3,1042,1.8832391713747683,1062
282,grails-grails-core.csv,BATCHBISECT,-1,stagger,2,975,8.192090395480221,1062
283,grails-grails-core.csv,BATCHBISECT,-1,stagger,3,1021,3.86064030131827,1062
284,grails-grails-core.csv,BATCHSTOP4,-1,stagger,2,1065,-0.28248587570621453,1062
285,grails-grails-core.csv,BATCHSTOP4,-1,stagger,3,1077,-1.4124293785310726,1062
286,grails-grails-core.csv,BATCHDIVIDE4,-1,stagger,2,1075,-1.2241054613935916,1062
287,grails-grails-core.csv,BATCHDIVIDE4,-1,stagger,3,1083,-1.9774011299435017,1062
288,grails-grails-core.csv,BATCHBISECT,-1,random_linear,-1,1143,-7.627118644067792,1062
289,grails-grails-core.csv,BATCHSTOP4,-1,random_linear,-1,1073,-1.0357815442561247,1062
290,grails-grails-core.csv,BATCHDIVIDE4,-1,random_linear,-1,806,24.105461393596983,1062
291,grails-grails-core.csv,BATCHBISECT,-1,random_exponential,-1,1062,0.0,1062
292,grails-grails-core.csv,BATCHSTOP4,-1,random_exponential,-1,1044,1.6949152542372872,1062
293,grails-grails-core.csv,BATCHDIVIDE4,-1,random_exponential,-1,858,19.209039548022602,1062
294,grails-grails-core.csv,BATCHBISECT,-1,random_random,-1,1147,-8.003766478342754,1062
295,grails-grails-core.csv,BATCHSTOP4,-1,random_random,-1,1050,1.1299435028248581,1062
296,grails-grails-core.csv,BATCHDIVIDE4,-1,random_random,-1,1090,-2.636534839924664,1062
297,square-wire.csv,BATCHBISECT,-1,linear,1,342,69.5187165775401,1122
298,square-wire.csv,BATCHBISECT,-1,linear,2,310,72.37076648841355,1122
299,square-wire.csv,BATCHBISECT,-1,linear,3,316,71.83600713012478,1122
300,square-wire.csv,BATCHBISECT,-1,linear,4,303,72.99465240641712,1122
301,square-wire.csv,BATCHSTOP4,-1,linear,1,332,70.40998217468805,1122
302,square-wire.csv,BATCHSTOP4,-1,linear,2,305,72.81639928698752,1122
303,square-wire.csv,BATCHSTOP4,-1,linear,3,301,73.1729055258467,1122
304,square-wire.csv,BATCHSTOP4,-1,linear,4,296,73.61853832442068,1122
305,square-wire.csv,BATCHDIVIDE4,-1,linear,1,462,58.8235294117647,1122
306,square-wire.csv,BATCHDIVIDE4,-1,linear,2,442,60.60606060606061,1122
307,square-wire.csv,BATCHDIVIDE4,-1,linear,3,438,60.962566844919785,1122
308,square-wire.csv,BATCHDIVIDE4,-1,linear,4,436,61.140819964349376,1122
309,square-wire.csv,BATCHBISECT,-1,exponential,2,305,72.81639928698752,1122
310,square-wire.csv,BATCHBISECT,-1,exponential,3,330,70.58823529411765,1122
311,square-wire.csv,BATCHSTOP4,-1,exponential,2,301,73.1729055258467,1122
312,square-wire.csv,BATCHSTOP4,-1,exponential,3,314,72.01426024955437,1122
313,square-wire.csv,BATCHDIVIDE4,-1,exponential,2,424,62.21033868092692,1122
314,square-wire.csv,BATCHDIVIDE4,-1,exponential,3,411,63.36898395721925,1122
315,square-wire.csv,BATCHBISECT,-1,stagger,2,359,68.00356506238859,1122
316,square-wire.csv,BATCHBISECT,-1,stagger,3,337,69.96434937611409,1122
317,square-wire.csv,BATCHSTOP4,-1,stagger,2,344,69.34046345811052,1122
318,square-wire.csv,BATCHSTOP4,-1,stagger,3,327,70.85561497326204,1122
319,square-wire.csv,BATCHDIVIDE4,-1,stagger,2,474,57.75401069518717,1122
320,square-wire.csv,BATCHDIVIDE4,-1,stagger,3,457,59.26916221033868,1122
321,square-wire.csv,BATCHBISECT,-1,random_linear,-1,336,70.05347593582889,1122
322,square-wire.csv,BATCHSTOP4,-1,random_linear,-1,334,70.23172905525847,1122
323,square-wire.csv,BATCHDIVIDE4,-1,random_linear,-1,178,84.1354723707665,1122
324,square-wire.csv,BATCHBISECT,-1,random_exponential,-1,333,70.32085561497325,1122
325,square-wire.csv,BATCHSTOP4,-1,random_exponential,-1,322,71.301247771836,1122
326,square-wire.csv,BATCHDIVIDE4,-1,random_exponential,-1,185,83.51158645276293,1122
327,square-wire.csv,BATCHBISECT,-1,random_random,-1,365,67.46880570409982,1122
328,square-wire.csv,BATCHSTOP4,-1,random_random,-1,334,70.23172905525847,1122
329,square-wire.csv,BATCHDIVIDE4,-1,random_random,-1,446,60.249554367201426,1122
330,puniverse-quasar.csv,BATCHBISECT,-1,linear,1,684,46.01420678768745,1267
331,puniverse-quasar.csv,BATCHBISECT,-1,linear,2,671,47.04025256511444,1267
332,puniverse-quasar.csv,BATCHBISECT,-1,linear,3,679,46.408839779005525,1267
333,puniverse-quasar.csv,BATCHBISECT,-1,linear,4,700,44.751381215469614,1267
334,puniverse-quasar.csv,BATCHSTOP4,-1,linear,1,635,49.881610102604576,1267
335,puniverse-quasar.csv,BATCHSTOP4,-1,linear,2,634,49.96053670086819,1267
336,puniverse-quasar.csv,BATCHSTOP4,-1,linear,3,632,50.118389897395424,1267
337,puniverse-quasar.csv,BATCHSTOP4,-1,linear,4,644,49.171270718232044,1267
338,puniverse-quasar.csv,BATCHDIVIDE4,-1,linear,1,739,41.67324388318863,1267
339,puniverse-quasar.csv,BATCHDIVIDE4,-1,linear,2,729,42.462509865824785,1267
340,puniverse-quasar.csv,BATCHDIVIDE4,-1,linear,3,727,42.62036306235201,1267
341,puniverse-quasar.csv,BATCHDIVIDE4,-1,linear,4,759,40.094711917916335,1267
342,puniverse-quasar.csv,BATCHBISECT,-1,exponential,2,645,49.09234411996843,1267
343,puniverse-quasar.csv,BATCHBISECT,-1,exponential,3,661,47.829518547750595,1267
344,puniverse-quasar.csv,BATCHSTOP4,-1,exponential,2,621,50.98658247829518,1267
345,puniverse-quasar.csv,BATCHSTOP4,-1,exponential,3,643,49.25019731649566,1267
346,puniverse-quasar.csv,BATCHDIVIDE4,-1,exponential,2,690,45.54064719810576,1267
347,puniverse-quasar.csv,BATCHDIVIDE4,-1,exponential,3,641,49.408050513022886,1267
348,puniverse-quasar.csv,BATCHBISECT,-1,stagger,2,697,44.988161010260455,1267
349,puniverse-quasar.csv,BATCHBISECT,-1,stagger,3,659,47.98737174427782,1267
350,puniverse-quasar.csv,BATCHSTOP4,-1,stagger,2,672,46.96132596685083,1267
351,puniverse-quasar.csv,BATCHSTOP4,-1,stagger,3,642,49.32912391475927,1267
352,puniverse-quasar.csv,BATCHDIVIDE4,-1,stagger,2,749,40.88397790055249,1267
353,puniverse-quasar.csv,BATCHDIVIDE4,-1,stagger,3,728,42.5414364640884,1267
354,puniverse-quasar.csv,BATCHBISECT,-1,random_linear,-1,696,45.06708760852407,1267
355,puniverse-quasar.csv,BATCHSTOP4,-1,random_linear,-1,672,46.96132596685083,1267
356,puniverse-quasar.csv,BATCHDIVIDE4,-1,random_linear,-1,460,63.69376479873718,1267
357,puniverse-quasar.csv,BATCHBISECT,-1,random_exponential,-1,678,46.48776637726914,1267
358,puniverse-quasar.csv,BATCHSTOP4,-1,random_exponential,-1,659,47.98737174427782,1267
359,puniverse-quasar.csv,BATCHDIVIDE4,-1,random_exponential,-1,187,85.24072612470403,1267
360,puniverse-quasar.csv,BATCHBISECT,-1,random_random,-1,696,45.06708760852407,1267
361,puniverse-quasar.csv,BATCHSTOP4,-1,random_random,-1,639,49.56590370955012,1267
362,puniverse-quasar.csv,BATCHDIVIDE4,-1,random_random,-1,757,40.25256511444357,1267
363,dropwizard-dropwizard.csv,BATCHBISECT,-1,linear,1,705,65.0990099009901,2020
364,dropwizard-dropwizard.csv,BATCHBISECT,-1,linear,2,707,65.0,2020
365,dropwizard-dropwizard.csv,BATCHBISECT,-1,linear,3,659,67.37623762376238,2020
366,dropwizard-dropwizard.csv,BATCHBISECT,-1,linear,4,695,65.59405940594058,2020
367,dropwizard-dropwizard.csv,BATCHSTOP4,-1,linear,1,661,67.27722772277227,2020
368,dropwizard-dropwizard.csv,BATCHSTOP4,-1,linear,2,659,67.37623762376238,2020
369,dropwizard-dropwizard.csv,BATCHSTOP4,-1,linear,3,626,69.00990099009901,2020
370,dropwizard-dropwizard.csv,BATCHSTOP4,-1,linear,4,682,66.23762376237624,2020
371,dropwizard-dropwizard.csv,BATCHDIVIDE4,-1,linear,1,910,54.95049504950495,2020
372,dropwizard-dropwizard.csv,BATCHDIVIDE4,-1,linear,2,907,55.0990099009901,2020
373,dropwizard-dropwizard.csv,BATCHDIVIDE4,-1,linear,3,908,55.04950495049505,2020
374,dropwizard-dropwizard.csv,BATCHDIVIDE4,-1,linear,4,922,54.35643564356435,2020
375,dropwizard-dropwizard.csv,BATCHBISECT,-1,exponential,2,686,66.03960396039604,2020
376,dropwizard-dropwizard.csv,BATCHBISECT,-1,exponential,3,710,64.85148514851485,2020
377,dropwizard-dropwizard.csv,BATCHSTOP4,-1,exponential,2,664,67.12871287128712,2020
378,dropwizard-dropwizard.csv,BATCHSTOP4,-1,exponential,3,726,64.05940594059406,2020
379,dropwizard-dropwizard.csv,BATCHDIVIDE4,-1,exponential,2,896,55.64356435643565,2020
380,dropwizard-dropwizard.csv,BATCHDIVIDE4,-1,exponential,3,752,62.772277227722775,2020
381,dropwizard-dropwizard.csv,BATCHBISECT,-1,stagger,2,651,67.77227722772278,2020
382,dropwizard-dropwizard.csv,BATCHBISECT,-1,stagger,3,672,66.73267326732673,2020
383,dropwizard-dropwizard.csv,BATCHSTOP4,-1,stagger,2,661,67.27722772277227,2020
384,dropwizard-dropwizard.csv,BATCHSTOP4,-1,stagger,3,678,66.43564356435644,2020
385,dropwizard-dropwizard.csv,BATCHDIVIDE4,-1,stagger,2,902,55.34653465346535,2020
386,dropwizard-dropwizard.csv,BATCHDIVIDE4,-1,stagger,3,916,54.65346534653465,2020
387,dropwizard-dropwizard.csv,BATCHBISECT,-1,random_linear,-1,693,65.6930693069307,2020
388,dropwizard-dropwizard.csv,BATCHSTOP4,-1,random_linear,-1,677,66.48514851485149,2020
389,dropwizard-dropwizard.csv,BATCHDIVIDE4,-1,random_linear,-1,349,82.72277227722772,2020
390,dropwizard-dropwizard.csv,BATCHBISECT,-1,random_exponential,-1,669,66.88118811881188,2020
391,dropwizard-dropwizard.csv,BATCHSTOP4,-1,random_exponential,-1,672,66.73267326732673,2020
392,dropwizard-dropwizard.csv,BATCHDIVIDE4,-1,random_exponential,-1,298,85.24752475247524,2020
393,dropwizard-dropwizard.csv,BATCHBISECT,-1,random_random,-1,700,65.34653465346534,2020
394,dropwizard-dropwizard.csv,BATCHSTOP4,-1,random_random,-1,687,65.99009900990099,2020
395,dropwizard-dropwizard.csv,BATCHDIVIDE4,-1,random_random,-1,898,55.54455445544554,2020
396,essentials-Essentials.csv,BATCHBISECT,-1,linear,1,149,-67.41573033707866,89
397,essentials-Essentials.csv,BATCHBISECT,-1,linear,2,110,-23.595505617977523,89
398,essentials-Essentials.csv,BATCHBISECT,-1,linear,3,107,-20.224719101123597,89
399,essentials-Essentials.csv,BATCHBISECT,-1,linear,4,113,-26.966292134831463,89
400,essentials-Essentials.csv,BATCHSTOP4,-1,linear,1,125,-40.449438202247194,89
401,essentials-Essentials.csv,BATCHSTOP4,-1,linear,2,132,-48.314606741573044,89
402,essentials-Essentials.csv,BATCHSTOP4,-1,linear,3,122,-37.078651685393254,89
403,essentials-Essentials.csv,BATCHSTOP4,-1,linear,4,122,-37.078651685393254,89
404,essentials-Essentials.csv,BATCHDIVIDE4,-1,linear,1,122,-37.078651685393254,89
405,essentials-Essentials.csv,BATCHDIVIDE4,-1,linear,2,132,-48.314606741573044,89
406,essentials-Essentials.csv,BATCHDIVIDE4,-1,linear,3,122,-37.078651685393254,89
407,essentials-Essentials.csv,BATCHDIVIDE4,-1,linear,4,122,-37.078651685393254,89
408,essentials-Essentials.csv,BATCHBISECT,-1,exponential,2,109,-22.471910112359552,89
409,essentials-Essentials.csv,BATCHBISECT,-1,exponential,3,107,-20.224719101123597,89
410,essentials-Essentials.csv,BATCHSTOP4,-1,exponential,2,118,-32.58426966292134,89
411,essentials-Essentials.csv,BATCHSTOP4,-1,exponential,3,131,-47.191011235955045,89
412,essentials-Essentials.csv,BATCHDIVIDE4,-1,exponential,2,118,-32.58426966292134,89
413,essentials-Essentials.csv,BATCHDIVIDE4,-1,exponential,3,131,-47.191011235955045,89
414,essentials-Essentials.csv,BATCHBISECT,-1,stagger,2,107,-20.224719101123597,89
415,essentials-Essentials.csv,BATCHBISECT,-1,stagger,3,103,-15.730337078651687,89
416,essentials-Essentials.csv,BATCHSTOP4,-1,stagger,2,119,-33.707865168539314,89
417,essentials-Essentials.csv,BATCHSTOP4,-1,stagger,3,135,-51.685393258426956,89
418,essentials-Essentials.csv,BATCHDIVIDE4,-1,stagger,2,119,-33.707865168539314,89
419,essentials-Essentials.csv,BATCHDIVIDE4,-1,stagger,3,135,-51.685393258426956,89
420,essentials-Essentials.csv,BATCHBISECT,-1,random_linear,-1,140,-57.303370786516865,89
421,essentials-Essentials.csv,BATCHSTOP4,-1,random_linear,-1,118,-32.58426966292134,89
422,essentials-Essentials.csv,BATCHDIVIDE4,-1,random_linear,-1,129,-44.943820224719104,89
423,essentials-Essentials.csv,BATCHBISECT,-1,random_exponential,-1,106,-19.101123595505612,89
424,essentials-Essentials.csv,BATCHSTOP4,-1,random_exponential,-1,130,-46.067415730337075,89
425,essentials-Essentials.csv,BATCHDIVIDE4,-1,random_exponential,-1,121,-35.95505617977528,89
426,essentials-Essentials.csv,BATCHBISECT,-1,random_random,-1,131,-47.191011235955045,89
427,essentials-Essentials.csv,BATCHSTOP4,-1,random_random,-1,123,-38.202247191011224,89
428,essentials-Essentials.csv,BATCHDIVIDE4,-1,random_random,-1,120,-34.83146067415731,89
429,mybatis-mybatis-3.csv,BATCHBISECT,-1,linear,1,642,70.1534170153417,2151
430,mybatis-mybatis-3.csv,BATCHBISECT,-1,linear,2,647,69.9209669920967,2151
431,mybatis-mybatis-3.csv,BATCHBISECT,-1,linear,3,591,72.52440725244072,2151
432,mybatis-mybatis-3.csv,BATCHBISECT,-1,linear,4,632,70.6183170618317,2151
433,mybatis-mybatis-3.csv,BATCHSTOP4,-1,linear,1,589,72.61738726173873,2151
434,mybatis-mybatis-3.csv,BATCHSTOP4,-1,linear,2,585,72.80334728033472,2151
435,mybatis-mybatis-3.csv,BATCHSTOP4,-1,linear,3,529,75.40678754067875,2151
436,mybatis-mybatis-3.csv,BATCHSTOP4,-1,linear,4,577,73.17526731752673,2151
437,mybatis-mybatis-3.csv,BATCHDIVIDE4,-1,linear,1,902,58.066015806601584,2151
438,mybatis-mybatis-3.csv,BATCHDIVIDE4,-1,linear,2,912,57.601115760111576,2151
439,mybatis-mybatis-3.csv,BATCHDIVIDE4,-1,linear,3,872,59.460715946071595,2151
440,mybatis-mybatis-3.csv,BATCHDIVIDE4,-1,linear,4,916,57.415155741515576,2151
441,mybatis-mybatis-3.csv,BATCHBISECT,-1,exponential,2,662,69.22361692236169,2151
442,mybatis-mybatis-3.csv,BATCHBISECT,-1,exponential,3,673,68.71222687122268,2151
443,mybatis-mybatis-3.csv,BATCHSTOP4,-1,exponential,2,595,72.33844723384472,2151
444,mybatis-mybatis-3.csv,BATCHSTOP4,-1,exponential,3,654,69.5955369595537,2151
445,mybatis-mybatis-3.csv,BATCHDIVIDE4,-1,exponential,2,851,60.437006043700606,2151
446,mybatis-mybatis-3.csv,BATCHDIVIDE4,-1,exponential,3,663,69.17712691771268,2151
447,mybatis-mybatis-3.csv,BATCHBISECT,-1,stagger,2,621,71.1297071129707,2151
448,mybatis-mybatis-3.csv,BATCHBISECT,-1,stagger,3,611,71.59460715946071,2151
449,mybatis-mybatis-3.csv,BATCHSTOP4,-1,stagger,2,613,71.50162715016272,2151
450,mybatis-mybatis-3.csv,BATCHSTOP4,-1,stagger,3,594,72.38493723849372,2151
451,mybatis-mybatis-3.csv,BATCHDIVIDE4,-1,stagger,2,865,59.7861459786146,2151
452,mybatis-mybatis-3.csv,BATCHDIVIDE4,-1,stagger,3,887,58.763365876336586,2151
453,mybatis-mybatis-3.csv,BATCHBISECT,-1,random_linear,-1,613,71.50162715016272,2151
454,mybatis-mybatis-3.csv,BATCHSTOP4,-1,random_linear,-1,583,72.89632728963272,2151
455,mybatis-mybatis-3.csv,BATCHDIVIDE4,-1,random_linear,-1,300,86.05299860529986,2151
456,mybatis-mybatis-3.csv,BATCHBISECT,-1,random_exponential,-1,630,70.7112970711297,2151
457,mybatis-mybatis-3.csv,BATCHSTOP4,-1,random_exponential,-1,577,73.17526731752673,2151
458,mybatis-mybatis-3.csv,BATCHDIVIDE4,-1,random_exponential,-1,298,86.14597861459787,2151
459,mybatis-mybatis-3.csv,BATCHBISECT,-1,random_random,-1,629,70.75778707577871,2151
460,mybatis-mybatis-3.csv,BATCHSTOP4,-1,random_random,-1,602,72.01301720130172,2151
461,mybatis-mybatis-3.csv,BATCHDIVIDE4,-1,random_random,-1,880,59.08879590887959,2151
462,naver-pinpoint.csv,BATCHBISECT,-1,linear,1,975,54.48179271708683,2142
463,naver-pinpoint.csv,BATCHBISECT,-1,linear,2,917,57.189542483660134,2142
464,naver-pinpoint.csv,BATCHBISECT,-1,linear,3,897,58.12324929971989,2142
465,naver-pinpoint.csv,BATCHBISECT,-1,linear,4,865,59.6171802054155,2142
466,naver-pinpoint.csv,BATCHSTOP4,-1,linear,1,920,57.04948646125117,2142
467,naver-pinpoint.csv,BATCHSTOP4,-1,linear,2,938,56.209150326797385,2142
468,naver-pinpoint.csv,BATCHSTOP4,-1,linear,3,913,57.376283846872084,2142
469,naver-pinpoint.csv,BATCHSTOP4,-1,linear,4,960,55.182072829131656,2142
470,naver-pinpoint.csv,BATCHDIVIDE4,-1,linear,1,1155,46.07843137254902,2142
471,naver-pinpoint.csv,BATCHDIVIDE4,-1,linear,2,1207,43.65079365079365,2142
472,naver-pinpoint.csv,BATCHDIVIDE4,-1,linear,3,1158,45.938375350140056,2142
473,naver-pinpoint.csv,BATCHDIVIDE4,-1,linear,4,1258,41.26984126984127,2142
474,naver-pinpoint.csv,BATCHBISECT,-1,exponential,2,875,59.150326797385624,2142
475,naver-pinpoint.csv,BATCHBISECT,-1,exponential,3,873,59.2436974789916,2142
476,naver-pinpoint.csv,BATCHSTOP4,-1,exponential,2,956,55.368814192343606,2142
477,naver-pinpoint.csv,BATCHSTOP4,-1,exponential,3,1032,51.82072829131653,2142
478,naver-pinpoint.csv,BATCHDIVIDE4,-1,exponential,2,1178,45.0046685340803,2142
479,naver-pinpoint.csv,BATCHDIVIDE4,-1,exponential,3,1032,51.82072829131653,2142
480,naver-pinpoint.csv,BATCHBISECT,-1,stagger,2,862,59.757236227824464,2142
481,naver-pinpoint.csv,BATCHBISECT,-1,stagger,3,832,61.1577964519141,2142
482,naver-pinpoint.csv,BATCHSTOP4,-1,stagger,2,988,53.87488328664799,2142
483,naver-pinpoint.csv,BATCHSTOP4,-1,stagger,3,981,54.20168067226891,2142
484,naver-pinpoint.csv,BATCHDIVIDE4,-1,stagger,2,1217,43.183940242763775,2142
485,naver-pinpoint.csv,BATCHDIVIDE4,-1,stagger,3,1227,42.71708683473389,2142
486,naver-pinpoint.csv,BATCHBISECT,-1,random_linear,-1,896,58.169934640522875,2142
487,naver-pinpoint.csv,BATCHSTOP4,-1,random_linear,-1,957,55.32212885154062,2142
488,naver-pinpoint.csv,BATCHDIVIDE4,-1,random_linear,-1,827,61.39122315592904,2142
489,naver-pinpoint.csv,BATCHBISECT,-1,random_exponential,-1,842,60.69094304388422,2142
490,naver-pinpoint.csv,BATCHSTOP4,-1,random_exponential,-1,999,53.36134453781513,2142
491,naver-pinpoint.csv,BATCHDIVIDE4,-1,random_exponential,-1,593,72.31559290382819,2142
492,naver-pinpoint.csv,BATCHBISECT,-1,random_random,-1,878,59.01027077497666,2142
493,naver-pinpoint.csv,BATCHSTOP4,-1,random_random,-1,939,56.1624649859944,2142
494,naver-pinpoint.csv,BATCHDIVIDE4,-1,random_random,-1,1194,44.25770308123249,2142
495,FasterXML-jackson-databind.csv,BATCHBISECT,-1,linear,1,1433,36.05533244087461,2241
496,FasterXML-jackson-databind.csv,BATCHBISECT,-1,linear,2,1347,39.892904953145916,2241
497,FasterXML-jackson-databind.csv,BATCHBISECT,-1,linear,3,1337,40.33913431503793,2241
498,FasterXML-jackson-databind.csv,BATCHBISECT,-1,linear,4,1315,41.320838911200354,2241
499,FasterXML-jackson-databind.csv,BATCHSTOP4,-1,linear,1,1562,30.298973672467653,2241
500,FasterXML-jackson-databind.csv,BATCHSTOP4,-1,linear,2,1577,29.629629629629633,2241
501,FasterXML-jackson-databind.csv,BATCHSTOP4,-1,linear,3,1621,27.666220437304773,2241
502,FasterXML-jackson-databind.csv,BATCHSTOP4,-1,linear,4,1642,26.729138777331542,2241
503,FasterXML-jackson-databind.csv,BATCHDIVIDE4,-1,linear,1,1763,21.329763498438197,2241
504,FasterXML-jackson-databind.csv,BATCHDIVIDE4,-1,linear,2,1800,19.678714859437747,2241
505,FasterXML-jackson-databind.csv,BATCHDIVIDE4,-1,linear,3,1803,19.54484605087015,2241
506,FasterXML-jackson-databind.csv,BATCHDIVIDE4,-1,linear,4,1833,18.20615796519411,2241
507,FasterXML-jackson-databind.csv,BATCHBISECT,-1,exponential,2,1322,41.00847835787595,2241
508,FasterXML-jackson-databind.csv,BATCHBISECT,-1,exponential,3,1233,44.97991967871486,2241
509,FasterXML-jackson-databind.csv,BATCHSTOP4,-1,exponential,2,1610,28.157072735385995,2241
510,FasterXML-jackson-databind.csv,BATCHSTOP4,-1,exponential,3,1635,27.041499330655952,2241
511,FasterXML-jackson-databind.csv,BATCHDIVIDE4,-1,exponential,2,1767,21.151271753681385,2241
512,FasterXML-jackson-databind.csv,BATCHDIVIDE4,-1,exponential,3,1636,26.996876394466753,2241
513,FasterXML-jackson-databind.csv,BATCHBISECT,-1,stagger,2,1274,43.15037929495761,2241
514,FasterXML-jackson-databind.csv,BATCHBISECT,-1,stagger,3,1243,44.53369031682285,2241
515,FasterXML-jackson-databind.csv,BATCHSTOP4,-1,stagger,2,1679,25.078090138331106,2241
516,FasterXML-jackson-databind.csv,BATCHSTOP4,-1,stagger,3,1686,24.765729585006696,2241
517,FasterXML-jackson-databind.csv,BATCHDIVIDE4,-1,stagger,2,1840,17.8937974118697,2241
518,FasterXML-jackson-databind.csv,BATCHDIVIDE4,-1,stagger,3,1844,17.7153056671129,2241
519,FasterXML-jackson-databind.csv,BATCHBISECT,-1,random_linear,-1,1258,43.86434627398483,2241
520,FasterXML-jackson-databind.csv,BATCHSTOP4,-1,random_linear,-1,1637,26.952253458277553,2241
521,FasterXML-jackson-databind.csv,BATCHDIVIDE4,-1,random_linear,-1,1314,41.36546184738956,2241
522,FasterXML-jackson-databind.csv,BATCHBISECT,-1,random_exponential,-1,1305,41.76706827309237,2241
523,FasterXML-jackson-databind.csv,BATCHSTOP4,-1,random_exponential,-1,1663,25.792057117358326,2241
524,FasterXML-jackson-databind.csv,BATCHDIVIDE4,-1,random_exponential,-1,1389,38.01874163319946,2241
525,FasterXML-jackson-databind.csv,BATCHBISECT,-1,random_random,-1,1323,40.963855421686745,2241
526,FasterXML-jackson-databind.csv,BATCHSTOP4,-1,random_random,-1,1633,27.130745203034365,2241
527,FasterXML-jackson-databind.csv,BATCHDIVIDE4,-1,random_random,-1,1815,19.009370816599727,2241
528,samtools-htsjdk.csv,BATCHBISECT,-1,linear,1,599,64.95026331187829,1709
529,samtools-htsjdk.csv,BATCHBISECT,-1,linear,2,596,65.12580456407255,1709
530,samtools-htsjdk.csv,BATCHBISECT,-1,linear,3,605,64.59918080748976,1709
531,samtools-htsjdk.csv,BATCHBISECT,-1,linear,4,600,64.89174956114687,1709
532,samtools-htsjdk.csv,BATCHSTOP4,-1,linear,1,545,68.11000585137508,1709
533,samtools-htsjdk.csv,BATCHSTOP4,-1,linear,2,549,67.87595084844938,1709
534,samtools-htsjdk.csv,BATCHSTOP4,-1,linear,3,552,67.70040959625513,1709
535,samtools-htsjdk.csv,BATCHSTOP4,-1,linear,4,557,67.407840842598,1709
536,samtools-htsjdk.csv,BATCHDIVIDE4,-1,linear,1,768,55.061439438267996,1709
537,samtools-htsjdk.csv,BATCHDIVIDE4,-1,linear,2,792,53.657109420713866,1709
538,samtools-htsjdk.csv,BATCHDIVIDE4,-1,linear,3,793,53.598595669982444,1709
539,samtools-htsjdk.csv,BATCHDIVIDE4,-1,linear,4,785,54.06670567583382,1709
540,samtools-htsjdk.csv,BATCHBISECT,-1,exponential,2,618,63.83850204798127,1709
541,samtools-htsjdk.csv,BATCHBISECT,-1,exponential,3,599,64.95026331187829,1709
542,samtools-htsjdk.csv,BATCHSTOP4,-1,exponential,2,553,67.64189584552369,1709
543,samtools-htsjdk.csv,BATCHSTOP4,-1,exponential,3,596,65.12580456407255,1709
544,samtools-htsjdk.csv,BATCHDIVIDE4,-1,exponential,2,740,56.699824458747806,1709
545,samtools-htsjdk.csv,BATCHDIVIDE4,-1,exponential,3,601,64.83323581041545,1709
546,samtools-htsjdk.csv,BATCHBISECT,-1,stagger,2,579,66.12053832650673,1709
547,samtools-htsjdk.csv,BATCHBISECT,-1,stagger,3,575,66.35459332943242,1709
548,samtools-htsjdk.csv,BATCHSTOP4,-1,stagger,2,556,67.46635459332944,1709
549,samtools-htsjdk.csv,BATCHSTOP4,-1,stagger,3,570,66.64716208308953,1709
550,samtools-htsjdk.csv,BATCHDIVIDE4,-1,stagger,2,740,56.699824458747806,1709
551,samtools-htsjdk.csv,BATCHDIVIDE4,-1,stagger,3,763,55.354008191925104,1709
552,samtools-htsjdk.csv,BATCHBISECT,-1,random_linear,-1,552,67.70040959625513,1709
553,samtools-htsjdk.csv,BATCHSTOP4,-1,random_linear,-1,524,69.33879461673493,1709
554,samtools-htsjdk.csv,BATCHDIVIDE4,-1,random_linear,-1,371,78.29139847864248,1709
555,samtools-htsjdk.csv,BATCHBISECT,-1,random_exponential,-1,599,64.95026331187829,1709
556,samtools-htsjdk.csv,BATCHSTOP4,-1,random_exponential,-1,555,67.52486834406085,1709
557,samtools-htsjdk.csv,BATCHDIVIDE4,-1,random_exponential,-1,96,94.3826799297835,1709
558,samtools-htsjdk.csv,BATCHBISECT,-1,random_random,-1,585,65.7694558221182,1709
559,samtools-htsjdk.csv,BATCHSTOP4,-1,random_random,-1,523,69.39730836746635,1709
560,samtools-htsjdk.csv,BATCHDIVIDE4,-1,random_random,-1,760,55.52954944411937,1709
561,deeplearning4j-deeplearning4j.csv,BATCHBISECT,-1,linear,1,1958,-6.4130434782608745,1840
562,deeplearning4j-deeplearning4j.csv,BATCHBISECT,-1,linear,2,1860,-1.0869565217391255,1840
563,deeplearning4j-deeplearning4j.csv,BATCHBISECT,-1,linear,3,1866,-1.4130434782608745,1840
564,deeplearning4j-deeplearning4j.csv,BATCHBISECT,-1,linear,4,1866,-1.4130434782608745,1840
565,deeplearning4j-deeplearning4j.csv,BATCHSTOP4,-1,linear,1,3298,-79.2391304347826,1840
566,deeplearning4j-deeplearning4j.csv,BATCHSTOP4,-1,linear,2,3355,-82.33695652173913,1840
567,deeplearning4j-deeplearning4j.csv,BATCHSTOP4,-1,linear,3,3355,-82.33695652173913,1840
568,deeplearning4j-deeplearning4j.csv,BATCHSTOP4,-1,linear,4,3363,-82.77173913043478,1840
569,deeplearning4j-deeplearning4j.csv,BATCHDIVIDE4,-1,linear,1,3304,-79.56521739130434,1840
570,deeplearning4j-deeplearning4j.csv,BATCHDIVIDE4,-1,linear,2,3370,-83.15217391304347,1840
571,deeplearning4j-deeplearning4j.csv,BATCHDIVIDE4,-1,linear,3,3357,-82.44565217391303,1840
572,deeplearning4j-deeplearning4j.csv,BATCHDIVIDE4,-1,linear,4,3373,-83.31521739130434,1840
573,deeplearning4j-deeplearning4j.csv,BATCHBISECT,-1,exponential,2,1859,-1.032608695652172,1840
574,deeplearning4j-deeplearning4j.csv,BATCHBISECT,-1,exponential,3,1846,-0.3260869565217348,1840
575,deeplearning4j-deeplearning4j.csv,BATCHSTOP4,-1,exponential,2,3330,-80.97826086956522,1840
576,deeplearning4j-deeplearning4j.csv,BATCHSTOP4,-1,exponential,3,3371,-83.20652173913044,1840
577,deeplearning4j-deeplearning4j.csv,BATCHDIVIDE4,-1,exponential,2,3333,-81.1413043478261,1840
578,deeplearning4j-deeplearning4j.csv,BATCHDIVIDE4,-1,exponential,3,3371,-83.20652173913044,1840
579,deeplearning4j-deeplearning4j.csv,BATCHBISECT,-1,stagger,2,1845,-0.2717391304347814,1840
580,deeplearning4j-deeplearning4j.csv,BATCHBISECT,-1,stagger,3,1839,0.05434782608695343,1840
581,deeplearning4j-deeplearning4j.csv,BATCHSTOP4,-1,stagger,2,3351,-82.11956521739131,1840
582,deeplearning4j-deeplearning4j.csv,BATCHSTOP4,-1,stagger,3,3380,-83.69565217391303,1840
583,deeplearning4j-deeplearning4j.csv,BATCHDIVIDE4,-1,stagger,2,3354,-82.28260869565219,1840
584,deeplearning4j-deeplearning4j.csv,BATCHDIVIDE4,-1,stagger,3,3383,-83.8586956521739,1840
585,deeplearning4j-deeplearning4j.csv,BATCHBISECT,-1,random_linear,-1,1961,-6.576086956521735,1840
586,deeplearning4j-deeplearning4j.csv,BATCHSTOP4,-1,random_linear,-1,3315,-80.16304347826087,1840
587,deeplearning4j-deeplearning4j.csv,BATCHDIVIDE4,-1,random_linear,-1,3289,-78.75,1840
588,deeplearning4j-deeplearning4j.csv,BATCHBISECT,-1,random_exponential,-1,1880,-2.173913043478265,1840
589,deeplearning4j-deeplearning4j.csv,BATCHSTOP4,-1,random_exponential,-1,3363,-82.77173913043478,1840
590,deeplearning4j-deeplearning4j.csv,BATCHDIVIDE4,-1,random_exponential,-1,3321,-80.4891304347826,1840
591,deeplearning4j-deeplearning4j.csv,BATCHBISECT,-1,random_random,-1,1931,-4.945652173913047,1840
592,deeplearning4j-deeplearning4j.csv,BATCHSTOP4,-1,random_random,-1,3321,-80.4891304347826,1840
593,deeplearning4j-deeplearning4j.csv,BATCHDIVIDE4,-1,random_random,-1,3328,-80.86956521739131,1840
594,open-keychain-open-keychain.csv,BATCHBISECT,-1,linear,1,1318,26.079641054402686,1783
595,open-keychain-open-keychain.csv,BATCHBISECT,-1,linear,2,1277,28.379136287156484,1783
596,open-keychain-open-keychain.csv,BATCHBISECT,-1,linear,3,1276,28.43522153673584,1783
597,open-keychain-open-keychain.csv,BATCHBISECT,-1,linear,4,1247,30.061693774537304,1783
598,open-keychain-open-keychain.csv,BATCHSTOP4,-1,linear,1,1258,29.444756029164324,1783
599,open-keychain-open-keychain.csv,BATCHSTOP4,-1,linear,2,1263,29.164329781267526,1783
600,open-keychain-open-keychain.csv,BATCHSTOP4,-1,linear,3,1294,27.425687044307352,1783
601,open-keychain-open-keychain.csv,BATCHSTOP4,-1,linear,4,1288,27.762198541783505,1783
602,open-keychain-open-keychain.csv,BATCHDIVIDE4,-1,linear,1,1350,24.284913067863158,1783
603,open-keychain-open-keychain.csv,BATCHDIVIDE4,-1,linear,2,1381,22.54627033090297,1783
604,open-keychain-open-keychain.csv,BATCHDIVIDE4,-1,linear,3,1372,23.051037577117214,1783
605,open-keychain-open-keychain.csv,BATCHDIVIDE4,-1,linear,4,1391,21.98541783510936,1783
606,open-keychain-open-keychain.csv,BATCHBISECT,-1,exponential,2,1229,31.07122826696579,1783
607,open-keychain-open-keychain.csv,BATCHBISECT,-1,exponential,3,1220,31.575995513180033,1783
608,open-keychain-open-keychain.csv,BATCHSTOP4,-1,exponential,2,1247,30.061693774537304,1783
609,open-keychain-open-keychain.csv,BATCHSTOP4,-1,exponential,3,1272,28.659562535053283,1783
610,open-keychain-open-keychain.csv,BATCHDIVIDE4,-1,exponential,2,1325,25.687044307347165,1783
611,open-keychain-open-keychain.csv,BATCHDIVIDE4,-1,exponential,3,1272,28.659562535053283,1783
612,open-keychain-open-keychain.csv,BATCHBISECT,-1,stagger,2,1215,31.85642176107683,1783
613,open-keychain-open-keychain.csv,BATCHBISECT,-1,stagger,3,1234,30.79080201906899,1783
614,open-keychain-open-keychain.csv,BATCHSTOP4,-1,stagger,2,1294,27.425687044307352,1783
615,open-keychain-open-keychain.csv,BATCHSTOP4,-1,stagger,3,1282,28.09871003925967,1783
616,open-keychain-open-keychain.csv,BATCHDIVIDE4,-1,stagger,2,1376,22.82669657879977,1783
617,open-keychain-open-keychain.csv,BATCHDIVIDE4,-1,stagger,3,1354,24.060572069545714,1783
618,open-keychain-open-keychain.csv,BATCHBISECT,-1,random_linear,-1,1363,23.55580482333147,1783
619,open-keychain-open-keychain.csv,BATCHSTOP4,-1,random_linear,-1,1285,27.930454290521595,1783
620,open-keychain-open-keychain.csv,BATCHDIVIDE4,-1,random_linear,-1,989,44.53168816601234,1783
621,open-keychain-open-keychain.csv,BATCHBISECT,-1,random_exponential,-1,1299,27.14526079641054,1783
622,open-keychain-open-keychain.csv,BATCHSTOP4,-1,random_exponential,-1,1302,26.977005047672463,1783
623,open-keychain-open-keychain.csv,BATCHDIVIDE4,-1,random_exponential,-1,785,55.973079080201906,1783
624,open-keychain-open-keychain.csv,BATCHBISECT,-1,random_random,-1,1268,28.883903533370727,1783
625,open-keychain-open-keychain.csv,BATCHSTOP4,-1,random_random,-1,1281,28.15479528883904,1783
626,open-keychain-open-keychain.csv,BATCHDIVIDE4,-1,random_random,-1,1346,24.50925406618059,1783
627,yegor256-takes.csv,BATCHBISECT,-1,linear,1,1685,36.48699585375047,2653
628,yegor256-takes.csv,BATCHBISECT,-1,linear,2,1571,40.78401809272522,2653
629,yegor256-takes.csv,BATCHBISECT,-1,linear,3,1578,40.520165849981154,2653
630,yegor256-takes.csv,BATCHBISECT,-1,linear,4,1573,40.70863173765549,2653
631,yegor256-takes.csv,BATCHSTOP4,-1,linear,1,1870,29.513758009800227,2653
632,yegor256-takes.csv,BATCHSTOP4,-1,linear,2,1871,29.476064832265365,2653
633,yegor256-takes.csv,BATCHSTOP4,-1,linear,3,1871,29.476064832265365,2653
634,yegor256-takes.csv,BATCHSTOP4,-1,linear,4,1921,27.59140595552205,2653
635,yegor256-takes.csv,BATCHDIVIDE4,-1,linear,1,2055,22.540520165849983,2653
636,yegor256-takes.csv,BATCHDIVIDE4,-1,linear,2,2087,21.33433848473426,2653
637,yegor256-takes.csv,BATCHDIVIDE4,-1,linear,3,2059,22.38974745571052,2653
638,yegor256-takes.csv,BATCHDIVIDE4,-1,linear,4,2094,21.070486241990196,2653
639,yegor256-takes.csv,BATCHBISECT,-1,exponential,2,1634,38.40934790802865,2653
640,yegor256-takes.csv,BATCHBISECT,-1,exponential,3,1520,42.70637014700339,2653
641,yegor256-takes.csv,BATCHSTOP4,-1,exponential,2,1958,26.196758386732,2653
642,yegor256-takes.csv,BATCHSTOP4,-1,exponential,3,1923,27.516019600452324,2653
643,yegor256-takes.csv,BATCHDIVIDE4,-1,exponential,2,2116,20.24123633622314,2653
644,yegor256-takes.csv,BATCHDIVIDE4,-1,exponential,3,1952,26.422917451941203,2653
645,yegor256-takes.csv,BATCHBISECT,-1,stagger,2,1519,42.74406332453826,2653
646,yegor256-takes.csv,BATCHBISECT,-1,stagger,3,1526,42.480211081794195,2653
647,yegor256-takes.csv,BATCHSTOP4,-1,stagger,2,1925,27.440633245382585,2653
648,yegor256-takes.csv,BATCHSTOP4,-1,stagger,3,1908,28.081417263475316,2653
649,yegor256-takes.csv,BATCHDIVIDE4,-1,stagger,2,2102,20.76894082171127,2653
650,yegor256-takes.csv,BATCHDIVIDE4,-1,stagger,3,2073,21.86204297022239,2653
651,yegor256-takes.csv,BATCHBISECT,-1,random_linear,-1,1587,40.18092725216736,2653
652,yegor256-takes.csv,BATCHSTOP4,-1,random_linear,-1,1908,28.081417263475316,2653
653,yegor256-takes.csv,BATCHDIVIDE4,-1,random_linear,-1,1335,49.679607990953635,2653
654,yegor256-takes.csv,BATCHBISECT,-1,random_exponential,-1,1570,40.82171127026008,2653
655,yegor256-takes.csv,BATCHSTOP4,-1,random_exponential,-1,1899,28.420655861289106,2653
656,yegor256-takes.csv,BATCHDIVIDE4,-1,random_exponential,-1,1413,46.73954014323407,2653
657,yegor256-takes.csv,BATCHBISECT,-1,random_random,-1,1522,42.63098379193366,2653
658,yegor256-takes.csv,BATCHSTOP4,-1,random_random,-1,1853,30.15454202789296,2653
659,yegor256-takes.csv,BATCHDIVIDE4,-1,random_random,-1,2058,22.427440633245382,2653
660,keycloak-keycloak.csv,BATCHBISECT,-1,linear,1,1185,49.03225806451613,2325
661,keycloak-keycloak.csv,BATCHBISECT,-1,linear,2,1188,48.903225806451616,2325
662,keycloak-keycloak.csv,BATCHBISECT,-1,linear,3,1194,48.645161290322584,2325
663,keycloak-keycloak.csv,BATCHBISECT,-1,linear,4,1168,49.763440860215056,2325
664,keycloak-keycloak.csv,BATCHSTOP4,-1,linear,1,1149,50.58064516129032,2325
665,keycloak-keycloak.csv,BATCHSTOP4,-1,linear,2,1148,50.623655913978496,2325
666,keycloak-keycloak.csv,BATCHSTOP4,-1,linear,3,1143,50.83870967741935,2325
667,keycloak-keycloak.csv,BATCHSTOP4,-1,linear,4,1117,51.956989247311824,2325
668,keycloak-keycloak.csv,BATCHDIVIDE4,-1,linear,1,1328,42.88172043010753,2325
669,keycloak-keycloak.csv,BATCHDIVIDE4,-1,linear,2,1346,42.10752688172043,2325
670,keycloak-keycloak.csv,BATCHDIVIDE4,-1,linear,3,1319,43.26881720430107,2325
671,keycloak-keycloak.csv,BATCHDIVIDE4,-1,linear,4,1322,43.13978494623656,2325
672,keycloak-keycloak.csv,BATCHBISECT,-1,exponential,2,1182,49.16129032258065,2325
673,keycloak-keycloak.csv,BATCHBISECT,-1,exponential,3,1205,48.17204301075269,2325
674,keycloak-keycloak.csv,BATCHSTOP4,-1,exponential,2,1143,50.83870967741935,2325
675,keycloak-keycloak.csv,BATCHSTOP4,-1,exponential,3,1156,50.27956989247312,2325
676,keycloak-keycloak.csv,BATCHDIVIDE4,-1,exponential,2,1300,44.086021505376344,2325
677,keycloak-keycloak.csv,BATCHDIVIDE4,-1,exponential,3,1178,49.333333333333336,2325
678,keycloak-keycloak.csv,BATCHBISECT,-1,stagger,2,1163,49.97849462365591,2325
679,keycloak-keycloak.csv,BATCHBISECT,-1,stagger,3,1182,49.16129032258065,2325
680,keycloak-keycloak.csv,BATCHSTOP4,-1,stagger,2,1134,51.225806451612904,2325
681,keycloak-keycloak.csv,BATCHSTOP4,-1,stagger,3,1146,50.70967741935484,2325
682,keycloak-keycloak.csv,BATCHDIVIDE4,-1,stagger,2,1310,43.655913978494624,2325
683,keycloak-keycloak.csv,BATCHDIVIDE4,-1,stagger,3,1318,43.31182795698925,2325
684,keycloak-keycloak.csv,BATCHBISECT,-1,random_linear,-1,1252,46.1505376344086,2325
685,keycloak-keycloak.csv,BATCHSTOP4,-1,random_linear,-1,1161,50.064516129032256,2325
686,keycloak-keycloak.csv,BATCHDIVIDE4,-1,random_linear,-1,697,70.0215053763441,2325
687,keycloak-keycloak.csv,BATCHBISECT,-1,random_exponential,-1,1227,47.225806451612904,2325
688,keycloak-keycloak.csv,BATCHSTOP4,-1,random_exponential,-1,1163,49.97849462365591,2325
689,keycloak-keycloak.csv,BATCHDIVIDE4,-1,random_exponential,-1,356,84.68817204301075,2325
690,keycloak-keycloak.csv,BATCHBISECT,-1,random_random,-1,1179,49.29032258064516,2325
691,keycloak-keycloak.csv,BATCHSTOP4,-1,random_random,-1,1140,50.96774193548387,2325
692,keycloak-keycloak.csv,BATCHDIVIDE4,-1,random_random,-1,1333,42.666666666666664,2325
693,rackerlabs-blueflood.csv,BATCHBISECT,-1,linear,1,1370,37.95289855072464,2208
694,rackerlabs-blueflood.csv,BATCHBISECT,-1,linear,2,1380,37.5,2208
695,rackerlabs-blueflood.csv,BATCHBISECT,-1,linear,3,1404,36.41304347826087,2208
696,rackerlabs-blueflood.csv,BATCHBISECT,-1,linear,4,1352,38.768115942028984,2208
697,rackerlabs-blueflood.csv,BATCHSTOP4,-1,linear,1,1249,43.43297101449275,2208
698,rackerlabs-blueflood.csv,BATCHSTOP4,-1,linear,2,1279,42.07427536231884,2208
699,rackerlabs-blueflood.csv,BATCHSTOP4,-1,linear,3,1288,41.666666666666664,2208
700,rackerlabs-blueflood.csv,BATCHSTOP4,-1,linear,4,1250,43.38768115942029,2208
701,rackerlabs-blueflood.csv,BATCHDIVIDE4,-1,linear,1,1422,35.597826086956516,2208
702,rackerlabs-blueflood.csv,BATCHDIVIDE4,-1,linear,2,1397,36.73007246376812,2208
703,rackerlabs-blueflood.csv,BATCHDIVIDE4,-1,linear,3,1404,36.41304347826087,2208
704,rackerlabs-blueflood.csv,BATCHDIVIDE4,-1,linear,4,1389,37.09239130434783,2208
705,rackerlabs-blueflood.csv,BATCHBISECT,-1,exponential,2,1344,39.130434782608695,2208
706,rackerlabs-blueflood.csv,BATCHBISECT,-1,exponential,3,1321,40.17210144927536,2208
707,rackerlabs-blueflood.csv,BATCHSTOP4,-1,exponential,2,1244,43.65942028985507,2208
708,rackerlabs-blueflood.csv,BATCHSTOP4,-1,exponential,3,1284,41.84782608695652,2208
709,rackerlabs-blueflood.csv,BATCHDIVIDE4,-1,exponential,2,1348,38.94927536231884,2208
710,rackerlabs-blueflood.csv,BATCHDIVIDE4,-1,exponential,3,1284,41.84782608695652,2208
711,rackerlabs-blueflood.csv,BATCHBISECT,-1,stagger,2,1356,38.58695652173913,2208
712,rackerlabs-blueflood.csv,BATCHBISECT,-1,stagger,3,1319,40.26268115942029,2208
713,rackerlabs-blueflood.csv,BATCHSTOP4,-1,stagger,2,1337,39.447463768115945,2208
714,rackerlabs-blueflood.csv,BATCHSTOP4,-1,stagger,3,1289,41.6213768115942,2208
715,rackerlabs-blueflood.csv,BATCHDIVIDE4,-1,stagger,2,1446,34.51086956521739,2208
716,rackerlabs-blueflood.csv,BATCHDIVIDE4,-1,stagger,3,1425,35.461956521739125,2208
717,rackerlabs-blueflood.csv,BATCHBISECT,-1,random_linear,-1,1439,34.82789855072464,2208
718,rackerlabs-blueflood.csv,BATCHSTOP4,-1,random_linear,-1,1332,39.67391304347826,2208
719,rackerlabs-blueflood.csv,BATCHDIVIDE4,-1,random_linear,-1,902,59.14855072463768,2208
720,rackerlabs-blueflood.csv,BATCHBISECT,-1,random_exponential,-1,1409,36.18659420289855,2208
721,rackerlabs-blueflood.csv,BATCHSTOP4,-1,random_exponential,-1,1309,40.71557971014493,2208
722,rackerlabs-blueflood.csv,BATCHDIVIDE4,-1,random_exponential,-1,780,64.67391304347825,2208
723,rackerlabs-blueflood.csv,BATCHBISECT,-1,random_random,-1,1374,37.77173913043478,2208
724,rackerlabs-blueflood.csv,BATCHSTOP4,-1,random_random,-1,1257,43.07065217391305,2208
725,rackerlabs-blueflood.csv,BATCHDIVIDE4,-1,random_random,-1,1407,36.27717391304348,2208
726,xetorthio-jedis.csv,BATCHBISECT,-1,linear,1,806,49.37185929648241,1592
727,xetorthio-jedis.csv,BATCHBISECT,-1,linear,2,806,49.37185929648241,1592
728,xetorthio-jedis.csv,BATCHBISECT,-1,linear,3,781,50.94221105527638,1592
729,xetorthio-jedis.csv,BATCHBISECT,-1,linear,4,781,50.94221105527638,1592
730,xetorthio-jedis.csv,BATCHSTOP4,-1,linear,1,724,54.52261306532663,1592
731,xetorthio-jedis.csv,BATCHSTOP4,-1,linear,2,726,54.39698492462311,1592
732,xetorthio-jedis.csv,BATCHSTOP4,-1,linear,3,713,55.21356783919598,1592
733,xetorthio-jedis.csv,BATCHSTOP4,-1,linear,4,726,54.39698492462311,1592
734,xetorthio-jedis.csv,BATCHDIVIDE4,-1,linear,1,880,44.72361809045226,1592
735,xetorthio-jedis.csv,BATCHDIVIDE4,-1,linear,2,898,43.5929648241206,1592
736,xetorthio-jedis.csv,BATCHDIVIDE4,-1,linear,3,846,46.85929648241206,1592
737,xetorthio-jedis.csv,BATCHDIVIDE4,-1,linear,4,856,46.231155778894475,1592
738,xetorthio-jedis.csv,BATCHBISECT,-1,exponential,2,815,48.80653266331658,1592
739,xetorthio-jedis.csv,BATCHBISECT,-1,exponential,3,771,51.57035175879397,1592
740,xetorthio-jedis.csv,BATCHSTOP4,-1,exponential,2,729,54.20854271356784,1592
741,xetorthio-jedis.csv,BATCHSTOP4,-1,exponential,3,732,54.02010050251256,1592
742,xetorthio-jedis.csv,BATCHDIVIDE4,-1,exponential,2,852,46.482412060301506,1592
743,xetorthio-jedis.csv,BATCHDIVIDE4,-1,exponential,3,733,53.95728643216081,1592
744,xetorthio-jedis.csv,BATCHBISECT,-1,stagger,2,770,51.63316582914573,1592
745,xetorthio-jedis.csv,BATCHBISECT,-1,stagger,3,765,51.947236180904525,1592
746,xetorthio-jedis.csv,BATCHSTOP4,-1,stagger,2,723,54.585427135678394,1592
747,xetorthio-jedis.csv,BATCHSTOP4,-1,stagger,3,749,52.95226130653266,1592
748,xetorthio-jedis.csv,BATCHDIVIDE4,-1,stagger,2,845,46.92211055276382,1592
749,xetorthio-jedis.csv,BATCHDIVIDE4,-1,stagger,3,874,45.10050251256281,1592
750,xetorthio-jedis.csv,BATCHBISECT,-1,random_linear,-1,813,48.9321608040201,1592
751,xetorthio-jedis.csv,BATCHSTOP4,-1,random_linear,-1,740,53.517587939698494,1592
752,xetorthio-jedis.csv,BATCHDIVIDE4,-1,random_linear,-1,419,73.68090452261306,1592
753,xetorthio-jedis.csv,BATCHBISECT,-1,random_exponential,-1,838,47.36180904522613,1592
754,xetorthio-jedis.csv,BATCHSTOP4,-1,random_exponential,-1,747,53.07788944723618,1592
755,xetorthio-jedis.csv,BATCHDIVIDE4,-1,random_exponential,-1,528,66.83417085427135,1592
756,xetorthio-jedis.csv,BATCHBISECT,-1,random_random,-1,791,50.314070351758794,1592
757,xetorthio-jedis.csv,BATCHSTOP4,-1,random_random,-1,736,53.768844221105525,1592
758,xetorthio-jedis.csv,BATCHDIVIDE4,-1,random_random,-1,859,46.04271356783919,1592
759,orbeon-orbeon-forms.csv,BATCHBISECT,-1,linear,1,2424,8.666164280331571,2654
760,orbeon-orbeon-forms.csv,BATCHBISECT,-1,linear,2,2383,10.21100226073851,2654
761,orbeon-orbeon-forms.csv,BATCHBISECT,-1,linear,3,2388,10.022607385079127,2654
762,orbeon-orbeon-forms.csv,BATCHBISECT,-1,linear,4,2430,8.44009042954032,2654
763,orbeon-orbeon-forms.csv,BATCHSTOP4,-1,linear,1,3070,-15.674453654860585,2654
764,orbeon-orbeon-forms.csv,BATCHSTOP4,-1,linear,2,3116,-17.407686510926908,2654
765,orbeon-orbeon-forms.csv,BATCHSTOP4,-1,linear,3,3091,-16.46571213262999,2654
766,orbeon-orbeon-forms.csv,BATCHSTOP4,-1,linear,4,3161,-19.10324039186135,2654
767,orbeon-orbeon-forms.csv,BATCHDIVIDE4,-1,linear,1,3182,-19.894498869630752,2654
768,orbeon-orbeon-forms.csv,BATCHDIVIDE4,-1,linear,2,3195,-20.38432554634514,2654
769,orbeon-orbeon-forms.csv,BATCHDIVIDE4,-1,linear,3,3152,-18.76412961567445,2654
770,orbeon-orbeon-forms.csv,BATCHDIVIDE4,-1,linear,4,3219,-21.288620949510175,2654
771,orbeon-orbeon-forms.csv,BATCHBISECT,-1,exponential,2,2359,11.115297663903547,2654
772,orbeon-orbeon-forms.csv,BATCHBISECT,-1,exponential,3,2295,13.526752072343626,2654
773,orbeon-orbeon-forms.csv,BATCHSTOP4,-1,exponential,2,3079,-16.01356443104747,2654
774,orbeon-orbeon-forms.csv,BATCHSTOP4,-1,exponential,3,3161,-19.10324039186135,2654
775,orbeon-orbeon-forms.csv,BATCHDIVIDE4,-1,exponential,2,3131,-17.972871137905045,2654
776,orbeon-orbeon-forms.csv,BATCHDIVIDE4,-1,exponential,3,3161,-19.10324039186135,2654
777,orbeon-orbeon-forms.csv,BATCHBISECT,-1,stagger,2,2296,13.489073097211758,2654
778,orbeon-orbeon-forms.csv,BATCHBISECT,-1,stagger,3,2307,13.074604370761122,2654
779,orbeon-orbeon-forms.csv,BATCHSTOP4,-1,stagger,2,3174,-19.593067068575735,2654
780,orbeon-orbeon-forms.csv,BATCHSTOP4,-1,stagger,3,3175,-19.630746043707617,2654
781,orbeon-orbeon-forms.csv,BATCHDIVIDE4,-1,stagger,2,3229,-21.665410700828943,2654
782,orbeon-orbeon-forms.csv,BATCHDIVIDE4,-1,stagger,3,3232,-21.778447626224562,2654
783,orbeon-orbeon-forms.csv,BATCHBISECT,-1,random_linear,-1,2499,5.840241145440842,2654
784,orbeon-orbeon-forms.csv,BATCHSTOP4,-1,random_linear,-1,3178,-19.743782969103236,2654
785,orbeon-orbeon-forms.csv,BATCHDIVIDE4,-1,random_linear,-1,2853,-7.4981160512434,2654
786,orbeon-orbeon-forms.csv,BATCHBISECT,-1,random_exponential,-1,2433,8.327053504144686,2654
787,orbeon-orbeon-forms.csv,BATCHSTOP4,-1,random_exponential,-1,3173,-19.555388093443852,2654
788,orbeon-orbeon-forms.csv,BATCHDIVIDE4,-1,random_exponential,-1,2783,-4.860587792012055,2654
789,orbeon-orbeon-forms.csv,BATCHBISECT,-1,random_random,-1,2477,6.669178598342128,2654
790,orbeon-orbeon-forms.csv,BATCHSTOP4,-1,random_random,-1,3130,-17.935192162773177,2654
791,orbeon-orbeon-forms.csv,BATCHDIVIDE4,-1,random_random,-1,3181,-19.85681989449887,2654
792,linkedin-gobblin.csv,BATCHBISECT,-1,linear,1,3232,7.019562715765247,3476
793,linkedin-gobblin.csv,BATCHBISECT,-1,linear,2,3178,8.573072497123135,3476
794,linkedin-gobblin.csv,BATCHBISECT,-1,linear,3,3201,7.911392405063296,3476
795,linkedin-gobblin.csv,BATCHBISECT,-1,linear,4,3159,9.11967779056387,3476
796,linkedin-gobblin.csv,BATCHSTOP4,-1,linear,1,3620,-4.142692750287694,3476
797,linkedin-gobblin.csv,BATCHSTOP4,-1,linear,2,3722,-7.077100115074799,3476
798,linkedin-gobblin.csv,BATCHSTOP4,-1,linear,3,3675,-5.724971231300344,3476
799,linkedin-gobblin.csv,BATCHSTOP4,-1,linear,4,3764,-8.285385500575373,3476
800,linkedin-gobblin.csv,BATCHDIVIDE4,-1,linear,1,3690,-6.156501726121974,3476
801,linkedin-gobblin.csv,BATCHDIVIDE4,-1,linear,2,3776,-8.630609896432688,3476
802,linkedin-gobblin.csv,BATCHDIVIDE4,-1,linear,3,3739,-7.566168009205981,3476
803,linkedin-gobblin.csv,BATCHDIVIDE4,-1,linear,4,3868,-11.277330264672031,3476
804,linkedin-gobblin.csv,BATCHBISECT,-1,exponential,2,3251,6.472957422324512,3476
805,linkedin-gobblin.csv,BATCHBISECT,-1,exponential,3,3057,12.054085155350975,3476
806,linkedin-gobblin.csv,BATCHSTOP4,-1,exponential,2,3649,-4.976985040276176,3476
807,linkedin-gobblin.csv,BATCHSTOP4,-1,exponential,3,3792,-9.090909090909093,3476
808,linkedin-gobblin.csv,BATCHDIVIDE4,-1,exponential,2,3713,-6.818181818181813,3476
809,linkedin-gobblin.csv,BATCHDIVIDE4,-1,exponential,3,3792,-9.090909090909093,3476
810,linkedin-gobblin.csv,BATCHBISECT,-1,stagger,2,3041,12.514384349827381,3476
811,linkedin-gobblin.csv,BATCHBISECT,-1,stagger,3,3078,11.449942462600688,3476
812,linkedin-gobblin.csv,BATCHSTOP4,-1,stagger,2,3832,-10.241657077100115,3476
813,linkedin-gobblin.csv,BATCHSTOP4,-1,stagger,3,3831,-10.212888377445339,3476
814,linkedin-gobblin.csv,BATCHDIVIDE4,-1,stagger,2,3891,-11.93901035673187,3476
815,linkedin-gobblin.csv,BATCHDIVIDE4,-1,stagger,3,3887,-11.82393555811278,3476
816,linkedin-gobblin.csv,BATCHBISECT,-1,random_linear,-1,3503,-0.7767548906789443,3476
817,linkedin-gobblin.csv,BATCHSTOP4,-1,random_linear,-1,3767,-8.371691599539702,3476
818,linkedin-gobblin.csv,BATCHDIVIDE4,-1,random_linear,-1,2961,14.815880322209438,3476
819,linkedin-gobblin.csv,BATCHBISECT,-1,random_exponential,-1,3242,6.731875719217484,3476
820,linkedin-gobblin.csv,BATCHSTOP4,-1,random_exponential,-1,3800,-9.32105868814729,3476
821,linkedin-gobblin.csv,BATCHDIVIDE4,-1,random_exponential,-1,3047,12.341772151898738,3476
822,linkedin-gobblin.csv,BATCHBISECT,-1,random_random,-1,3357,3.4234752589183017,3476
823,linkedin-gobblin.csv,BATCHSTOP4,-1,random_random,-1,3667,-5.494821634062134,3476
824,linkedin-gobblin.csv,BATCHDIVIDE4,-1,random_random,-1,3786,-8.918296892980436,3476
825,JabRef-jabref.csv,BATCHBISECT,-1,linear,1,1212,57.65199161425576,2862
826,JabRef-jabref.csv,BATCHBISECT,-1,linear,2,1231,56.98812019566736,2862
827,JabRef-jabref.csv,BATCHBISECT,-1,linear,3,1224,57.23270440251572,2862
828,JabRef-jabref.csv,BATCHBISECT,-1,linear,4,1198,58.14116002795248,2862
829,JabRef-jabref.csv,BATCHSTOP4,-1,linear,1,1141,60.13277428371768,2862
830,JabRef-jabref.csv,BATCHSTOP4,-1,linear,2,1139,60.202655485674356,2862
831,JabRef-jabref.csv,BATCHSTOP4,-1,linear,3,1140,60.16771488469602,2862
832,JabRef-jabref.csv,BATCHSTOP4,-1,linear,4,1124,60.726764500349404,2862
833,JabRef-jabref.csv,BATCHDIVIDE4,-1,linear,1,1454,49.196366177498255,2862
834,JabRef-jabref.csv,BATCHDIVIDE4,-1,linear,2,1433,49.930118798043324,2862
835,JabRef-jabref.csv,BATCHDIVIDE4,-1,linear,3,1426,50.17470300489168,2862
836,JabRef-jabref.csv,BATCHDIVIDE4,-1,linear,4,1418,50.45422781271838,2862
837,JabRef-jabref.csv,BATCHBISECT,-1,exponential,2,1190,58.42068483577918,2862
838,JabRef-jabref.csv,BATCHBISECT,-1,exponential,3,1174,58.97973445143256,2862
839,JabRef-jabref.csv,BATCHSTOP4,-1,exponential,2,1115,61.04122990915444,2862
840,JabRef-jabref.csv,BATCHSTOP4,-1,exponential,3,1148,59.88819007686932,2862
841,JabRef-jabref.csv,BATCHDIVIDE4,-1,exponential,2,1383,51.677148846960165,2862
842,JabRef-jabref.csv,BATCHDIVIDE4,-1,exponential,3,1251,56.289308176100626,2862
843,JabRef-jabref.csv,BATCHBISECT,-1,stagger,2,1189,58.455625436757515,2862
844,JabRef-jabref.csv,BATCHBISECT,-1,stagger,3,1169,59.154437456324246,2862
845,JabRef-jabref.csv,BATCHSTOP4,-1,stagger,2,1168,59.189378057302584,2862
846,JabRef-jabref.csv,BATCHSTOP4,-1,stagger,3,1160,59.46890286512928,2862
847,JabRef-jabref.csv,BATCHDIVIDE4,-1,stagger,2,1440,49.685534591194966,2862
848,JabRef-jabref.csv,BATCHDIVIDE4,-1,stagger,3,1432,49.96505939902166,2862
849,JabRef-jabref.csv,BATCHBISECT,-1,random_linear,-1,1219,57.407407407407405,2862
850,JabRef-jabref.csv,BATCHSTOP4,-1,random_linear,-1,1156,59.608665269042625,2862
851,JabRef-jabref.csv,BATCHDIVIDE4,-1,random_linear,-1,539,81.16701607267645,2862
852,JabRef-jabref.csv,BATCHBISECT,-1,random_exponential,-1,1258,56.044723969252274,2862
853,JabRef-jabref.csv,BATCHSTOP4,-1,random_exponential,-1,1215,57.54716981132076,2862
854,JabRef-jabref.csv,BATCHDIVIDE4,-1,random_exponential,-1,814,71.55835080363383,2862
855,JabRef-jabref.csv,BATCHBISECT,-1,random_random,-1,1209,57.75681341719078,2862
856,JabRef-jabref.csv,BATCHSTOP4,-1,random_random,-1,1156,59.608665269042625,2862
857,JabRef-jabref.csv,BATCHDIVIDE4,-1,random_random,-1,1439,49.7204751921733,2862
858,jOOQ-jOOQ.csv,BATCHBISECT,-1,linear,1,2035,41.03158504781223,3451
859,jOOQ-jOOQ.csv,BATCHBISECT,-1,linear,2,1971,42.88611996522747,3451
860,jOOQ-jOOQ.csv,BATCHBISECT,-1,linear,3,2002,41.987829614604465,3451
861,jOOQ-jOOQ.csv,BATCHBISECT,-1,linear,4,1929,44.10315850478122,3451
862,jOOQ-jOOQ.csv,BATCHSTOP4,-1,linear,1,2026,41.29237902057375,3451
863,jOOQ-jOOQ.csv,BATCHSTOP4,-1,linear,2,2015,41.61112720950449,3451
864,jOOQ-jOOQ.csv,BATCHSTOP4,-1,linear,3,2096,39.263981454650825,3451
865,jOOQ-jOOQ.csv,BATCHSTOP4,-1,linear,4,2066,40.13329469718922,3451
866,jOOQ-jOOQ.csv,BATCHDIVIDE4,-1,linear,1,2363,31.527093596059117,3451
867,jOOQ-jOOQ.csv,BATCHDIVIDE4,-1,linear,2,2330,32.483338162851354,3451
868,jOOQ-jOOQ.csv,BATCHDIVIDE4,-1,linear,3,2401,30.42596348884382,3451
869,jOOQ-jOOQ.csv,BATCHDIVIDE4,-1,linear,4,2394,30.628803245436103,3451
870,jOOQ-jOOQ.csv,BATCHBISECT,-1,exponential,2,1937,43.87134164010432,3451
871,jOOQ-jOOQ.csv,BATCHBISECT,-1,exponential,3,1843,46.59518980005795,3451
872,jOOQ-jOOQ.csv,BATCHSTOP4,-1,exponential,2,2043,40.79976818313532,3451
873,jOOQ-jOOQ.csv,BATCHSTOP4,-1,exponential,3,2206,36.076499565343376,3451
874,jOOQ-jOOQ.csv,BATCHDIVIDE4,-1,exponential,2,2316,32.889017676035934,3451
875,jOOQ-jOOQ.csv,BATCHDIVIDE4,-1,exponential,3,2231,35.35207186322805,3451
876,jOOQ-jOOQ.csv,BATCHBISECT,-1,stagger,2,1807,47.63836569110403,3451
877,jOOQ-jOOQ.csv,BATCHBISECT,-1,stagger,3,1815,47.40654882642712,3451
878,jOOQ-jOOQ.csv,BATCHSTOP4,-1,stagger,2,2110,38.858301941466245,3451
879,jOOQ-jOOQ.csv,BATCHSTOP4,-1,stagger,3,2106,38.974210373804695,3451
880,jOOQ-jOOQ.csv,BATCHDIVIDE4,-1,stagger,2,2374,31.208345407128363,3451
881,jOOQ-jOOQ.csv,BATCHDIVIDE4,-1,stagger,3,2395,30.5998261373515,3451
882,jOOQ-jOOQ.csv,BATCHBISECT,-1,random_linear,-1,1980,42.62532599246595,3451
883,jOOQ-jOOQ.csv,BATCHSTOP4,-1,random_linear,-1,2104,39.032164589973924,3451
884,jOOQ-jOOQ.csv,BATCHDIVIDE4,-1,random_linear,-1,1388,59.77977397855694,3451
885,jOOQ-jOOQ.csv,BATCHBISECT,-1,random_exponential,-1,1908,44.7116777745581,3451
886,jOOQ-jOOQ.csv,BATCHSTOP4,-1,random_exponential,-1,2129,38.30773688785859,3451
887,jOOQ-jOOQ.csv,BATCHDIVIDE4,-1,random_exponential,-1,1333,61.373514923210664,3451
888,jOOQ-jOOQ.csv,BATCHBISECT,-1,random_random,-1,1904,44.827586206896555,3451
889,jOOQ-jOOQ.csv,BATCHSTOP4,-1,random_random,-1,2028,41.23442480440452,3451
890,jOOQ-jOOQ.csv,BATCHDIVIDE4,-1,random_random,-1,2383,30.947551434366844,3451
891,structr-structr.csv,BATCHBISECT,-1,linear,1,2335,7.0461783439490375,2512
892,structr-structr.csv,BATCHBISECT,-1,linear,2,2237,10.947452229299358,2512
893,structr-structr.csv,BATCHBISECT,-1,linear,3,2300,8.439490445859875,2512
894,structr-structr.csv,BATCHBISECT,-1,linear,4,2249,10.46974522292993,2512
895,structr-structr.csv,BATCHSTOP4,-1,linear,1,2549,-1.4729299363057322,2512
896,structr-structr.csv,BATCHSTOP4,-1,linear,2,2578,-2.627388535031841,2512
897,structr-structr.csv,BATCHSTOP4,-1,linear,3,2583,-2.8264331210191074,2512
898,structr-structr.csv,BATCHSTOP4,-1,linear,4,2630,-4.697452229299358,2512
899,structr-structr.csv,BATCHDIVIDE4,-1,linear,1,2569,-2.269108280254784,2512
900,structr-structr.csv,BATCHDIVIDE4,-1,linear,2,2648,-5.414012738853501,2512
901,structr-structr.csv,BATCHDIVIDE4,-1,linear,3,2599,-3.4633757961783402,2512
902,structr-structr.csv,BATCHDIVIDE4,-1,linear,4,2645,-5.294585987261144,2512
903,structr-structr.csv,BATCHBISECT,-1,exponential,2,2253,10.310509554140125,2512
904,structr-structr.csv,BATCHBISECT,-1,exponential,3,2192,12.738853503184714,2512
905,structr-structr.csv,BATCHSTOP4,-1,exponential,2,2587,-2.985668789808912,2512
906,structr-structr.csv,BATCHSTOP4,-1,exponential,3,2759,-9.832802547770697,2512
907,structr-structr.csv,BATCHDIVIDE4,-1,exponential,2,2635,-4.896496815286625,2512
908,structr-structr.csv,BATCHDIVIDE4,-1,exponential,3,2759,-9.832802547770697,2512
909,structr-structr.csv,BATCHBISECT,-1,stagger,2,2095,16.600318471337573,2512
910,structr-structr.csv,BATCHBISECT,-1,stagger,3,2194,12.659235668789805,2512
911,structr-structr.csv,BATCHSTOP4,-1,stagger,2,2724,-8.439490445859875,2512
912,structr-structr.csv,BATCHSTOP4,-1,stagger,3,2760,-9.872611464968159,2512
913,structr-structr.csv,BATCHDIVIDE4,-1,stagger,2,2752,-9.554140127388536,2512
914,structr-structr.csv,BATCHDIVIDE4,-1,stagger,3,2816,-12.101910828025481,2512
915,structr-structr.csv,BATCHBISECT,-1,random_linear,-1,2545,-1.3136942675159275,2512
916,structr-structr.csv,BATCHSTOP4,-1,random_linear,-1,2653,-5.613057324840767,2512
917,structr-structr.csv,BATCHDIVIDE4,-1,random_linear,-1,2237,10.947452229299358,2512
918,structr-structr.csv,BATCHBISECT,-1,random_exponential,-1,2311,8.001592356687894,2512
919,structr-structr.csv,BATCHSTOP4,-1,random_exponential,-1,2699,-7.4442675159235705,2512
920,structr-structr.csv,BATCHDIVIDE4,-1,random_exponential,-1,2357,6.170382165605091,2512
921,structr-structr.csv,BATCHBISECT,-1,random_random,-1,2408,4.140127388535035,2512
922,structr-structr.csv,BATCHSTOP4,-1,random_random,-1,2553,-1.6321656050955369,2512
923,structr-structr.csv,BATCHDIVIDE4,-1,random_random,-1,2683,-6.807324840764338,2512
924,floragunncom-search-guard.csv,BATCHBISECT,-1,linear,1,1323,63.77327491785323,3652
925,floragunncom-search-guard.csv,BATCHBISECT,-1,linear,2,1229,66.34720700985761,3652
926,floragunncom-search-guard.csv,BATCHBISECT,-1,linear,3,1320,63.855421686746986,3652
927,floragunncom-search-guard.csv,BATCHBISECT,-1,linear,4,1110,69.60569550930997,3652
928,floragunncom-search-guard.csv,BATCHSTOP4,-1,linear,1,1184,67.57940854326397,3652
929,floragunncom-search-guard.csv,BATCHSTOP4,-1,linear,2,1127,69.14019715224535,3652
930,floragunncom-search-guard.csv,BATCHSTOP4,-1,linear,3,1200,67.14129244249726,3652
931,floragunncom-search-guard.csv,BATCHSTOP4,-1,linear,4,946,74.09638554216868,3652
932,floragunncom-search-guard.csv,BATCHDIVIDE4,-1,linear,1,1641,55.065717415115,3652
933,floragunncom-search-guard.csv,BATCHDIVIDE4,-1,linear,2,1619,55.668127053669224,3652
934,floragunncom-search-guard.csv,BATCHDIVIDE4,-1,linear,3,1632,55.312157721796275,3652
935,floragunncom-search-guard.csv,BATCHDIVIDE4,-1,linear,4,1448,60.35049288061336,3652
936,floragunncom-search-guard.csv,BATCHBISECT,-1,exponential,2,1332,63.526834611171964,3652
937,floragunncom-search-guard.csv,BATCHBISECT,-1,exponential,3,1311,64.10186199342826,3652
938,floragunncom-search-guard.csv,BATCHSTOP4,-1,exponential,2,1165,68.09967141292442,3652
939,floragunncom-search-guard.csv,BATCHSTOP4,-1,exponential,3,1240,66.04600219058051,3652
940,floragunncom-search-guard.csv,BATCHDIVIDE4,-1,exponential,2,1543,57.74917853231106,3652
941,floragunncom-search-guard.csv,BATCHDIVIDE4,-1,exponential,3,1240,66.04600219058051,3652
942,floragunncom-search-guard.csv,BATCHBISECT,-1,stagger,2,1353,62.95180722891566,3652
943,floragunncom-search-guard.csv,BATCHBISECT,-1,stagger,3,1309,64.1566265060241,3652
944,floragunncom-search-guard.csv,BATCHSTOP4,-1,stagger,2,1260,65.49835706462213,3652
945,floragunncom-search-guard.csv,BATCHSTOP4,-1,stagger,3,1287,64.75903614457832,3652
946,floragunncom-search-guard.csv,BATCHDIVIDE4,-1,stagger,2,1630,55.36692223439211,3652
947,floragunncom-search-guard.csv,BATCHDIVIDE4,-1,stagger,3,1684,53.88828039430449,3652
948,floragunncom-search-guard.csv,BATCHBISECT,-1,random_linear,-1,1272,65.1697699890471,3652
949,floragunncom-search-guard.csv,BATCHSTOP4,-1,random_linear,-1,1210,66.86746987951807,3652
950,floragunncom-search-guard.csv,BATCHDIVIDE4,-1,random_linear,-1,484,86.74698795180723,3652
951,floragunncom-search-guard.csv,BATCHBISECT,-1,random_exponential,-1,1319,63.882803943044905,3652
952,floragunncom-search-guard.csv,BATCHSTOP4,-1,random_exponential,-1,1224,66.48411829134722,3652
953,floragunncom-search-guard.csv,BATCHDIVIDE4,-1,random_exponential,-1,456,87.51369112814896,3652
954,floragunncom-search-guard.csv,BATCHBISECT,-1,random_random,-1,1303,64.32092004381161,3652
955,floragunncom-search-guard.csv,BATCHSTOP4,-1,random_random,-1,1196,67.25082146768894,3652
956,floragunncom-search-guard.csv,BATCHDIVIDE4,-1,random_random,-1,1613,55.83242059145674,3652
957,SpongePowered-SpongeForge.csv,BATCHBISECT,-1,linear,1,1950,37.75933609958506,3133
958,SpongePowered-SpongeForge.csv,BATCHBISECT,-1,linear,2,1927,38.49345675071816,3133
959,SpongePowered-SpongeForge.csv,BATCHBISECT,-1,linear,3,1922,38.65304819661666,3133
960,SpongePowered-SpongeForge.csv,BATCHBISECT,-1,linear,4,1872,40.24896265560166,3133
961,SpongePowered-SpongeForge.csv,BATCHSTOP4,-1,linear,1,1750,44.142993935525055,3133
962,SpongePowered-SpongeForge.csv,BATCHSTOP4,-1,linear,2,1725,44.94095116501755,3133
963,SpongePowered-SpongeForge.csv,BATCHSTOP4,-1,linear,3,1756,43.951484200446856,3133
964,SpongePowered-SpongeForge.csv,BATCHSTOP4,-1,linear,4,1736,44.58984998404085,3133
965,SpongePowered-SpongeForge.csv,BATCHDIVIDE4,-1,linear,1,2005,36.003830194701564,3133
966,SpongePowered-SpongeForge.csv,BATCHDIVIDE4,-1,linear,2,2030,35.20587296520907,3133
967,SpongePowered-SpongeForge.csv,BATCHDIVIDE4,-1,linear,3,1939,38.11043728056176,3133
968,SpongePowered-SpongeForge.csv,BATCHDIVIDE4,-1,linear,4,1974,36.99329715927226,3133
969,SpongePowered-SpongeForge.csv,BATCHBISECT,-1,exponential,2,1848,41.01500159591446,3133
970,SpongePowered-SpongeForge.csv,BATCHBISECT,-1,exponential,3,1770,43.50462815193106,3133
971,SpongePowered-SpongeForge.csv,BATCHSTOP4,-1,exponential,2,1705,45.579316948611556,3133
972,SpongePowered-SpongeForge.csv,BATCHSTOP4,-1,exponential,3,1801,42.515161187360356,3133
973,SpongePowered-SpongeForge.csv,BATCHDIVIDE4,-1,exponential,2,1879,40.02553463134376,3133
974,SpongePowered-SpongeForge.csv,BATCHDIVIDE4,-1,exponential,3,1801,42.515161187360356,3133
975,SpongePowered-SpongeForge.csv,BATCHBISECT,-1,stagger,2,1838,41.33418448771146,3133
976,SpongePowered-SpongeForge.csv,BATCHBISECT,-1,stagger,3,1777,43.28120012767316,3133
977,SpongePowered-SpongeForge.csv,BATCHSTOP4,-1,stagger,2,1846,41.07883817427386,3133
978,SpongePowered-SpongeForge.csv,BATCHSTOP4,-1,stagger,3,1836,41.39802106607086,3133
979,SpongePowered-SpongeForge.csv,BATCHDIVIDE4,-1,stagger,2,2022,35.46121927864667,3133
980,SpongePowered-SpongeForge.csv,BATCHDIVIDE4,-1,stagger,3,2024,35.39738270028727,3133
981,SpongePowered-SpongeForge.csv,BATCHBISECT,-1,random_linear,-1,1962,37.376316629428665,3133
982,SpongePowered-SpongeForge.csv,BATCHSTOP4,-1,random_linear,-1,1764,43.69613788700926,3133
983,SpongePowered-SpongeForge.csv,BATCHDIVIDE4,-1,random_linear,-1,962,69.29460580912863,3133
984,SpongePowered-SpongeForge.csv,BATCHBISECT,-1,random_exponential,-1,1872,40.24896265560166,3133
985,SpongePowered-SpongeForge.csv,BATCHSTOP4,-1,random_exponential,-1,1819,41.94063198212576,3133
986,SpongePowered-SpongeForge.csv,BATCHDIVIDE4,-1,random_exponential,-1,1074,65.71975742100224,3133
987,SpongePowered-SpongeForge.csv,BATCHBISECT,-1,random_random,-1,1859,40.66390041493776,3133
988,SpongePowered-SpongeForge.csv,BATCHSTOP4,-1,random_random,-1,1752,44.079157357165656,3133
989,SpongePowered-SpongeForge.csv,BATCHDIVIDE4,-1,random_random,-1,1974,36.99329715927226,3133
990,sakaiproject-sakai.csv,BATCHBISECT,-1,linear,1,1748,53.96365551751383,3797
991,sakaiproject-sakai.csv,BATCHBISECT,-1,linear,2,1754,53.80563602844351,3797
992,sakaiproject-sakai.csv,BATCHBISECT,-1,linear,3,1707,55.04345535949434,3797
993,sakaiproject-sakai.csv,BATCHBISECT,-1,linear,4,1778,53.17355807216223,3797
994,sakaiproject-sakai.csv,BATCHSTOP4,-1,linear,1,1665,56.14959178298657,3797
995,sakaiproject-sakai.csv,BATCHSTOP4,-1,linear,2,1676,55.85988938635765,3797
996,sakaiproject-sakai.csv,BATCHSTOP4,-1,linear,3,1638,56.860679483803004,3797
997,sakaiproject-sakai.csv,BATCHSTOP4,-1,linear,4,1678,55.80721622333421,3797
998,sakaiproject-sakai.csv,BATCHDIVIDE4,-1,linear,1,2004,47.221490650513566,3797
999,sakaiproject-sakai.csv,BATCHDIVIDE4,-1,linear,2,2039,46.29971029760337,3797
1000,sakaiproject-sakai.csv,BATCHDIVIDE4,-1,linear,3,1992,47.5375296286542,3797
1001,sakaiproject-sakai.csv,BATCHDIVIDE4,-1,linear,4,2091,44.93020805899394,3797
1002,sakaiproject-sakai.csv,BATCHBISECT,-1,exponential,2,1720,54.70107979984198,3797
1003,sakaiproject-sakai.csv,BATCHBISECT,-1,exponential,3,1764,53.54227021332631,3797
1004,sakaiproject-sakai.csv,BATCHSTOP4,-1,exponential,2,1648,56.59731366868581,3797
1005,sakaiproject-sakai.csv,BATCHSTOP4,-1,exponential,3,1691,55.464840663681855,3797
1006,sakaiproject-sakai.csv,BATCHDIVIDE4,-1,exponential,2,1962,48.3276270740058,3797
1007,sakaiproject-sakai.csv,BATCHDIVIDE4,-1,exponential,3,1692,55.438504082170134,3797
1008,sakaiproject-sakai.csv,BATCHBISECT,-1,stagger,2,1711,54.93810903344746,3797
1009,sakaiproject-sakai.csv,BATCHBISECT,-1,stagger,3,1746,54.01632868053726,3797
1010,sakaiproject-sakai.csv,BATCHSTOP4,-1,stagger,2,1683,55.67553331577561,3797
1011,sakaiproject-sakai.csv,BATCHSTOP4,-1,stagger,3,1702,55.17513826705294,3797
1012,sakaiproject-sakai.csv,BATCHDIVIDE4,-1,stagger,2,2000,47.32683697656044,3797
1013,sakaiproject-sakai.csv,BATCHDIVIDE4,-1,stagger,3,2027,46.61574927574401,3797
1014,sakaiproject-sakai.csv,BATCHBISECT,-1,random_linear,-1,1827,51.883065578087965,3797
1015,sakaiproject-sakai.csv,BATCHSTOP4,-1,random_linear,-1,1723,54.62207005530682,3797
1016,sakaiproject-sakai.csv,BATCHDIVIDE4,-1,random_linear,-1,729,80.80063207795628,3797
1017,sakaiproject-sakai.csv,BATCHBISECT,-1,random_exponential,-1,1774,53.278904398209114,3797
1018,sakaiproject-sakai.csv,BATCHSTOP4,-1,random_exponential,-1,1723,54.62207005530682,3797
1019,sakaiproject-sakai.csv,BATCHDIVIDE4,-1,random_exponential,-1,619,83.69765604424546,3797
1020,sakaiproject-sakai.csv,BATCHBISECT,-1,random_random,-1,1763,53.56860679483803,3797
1021,sakaiproject-sakai.csv,BATCHSTOP4,-1,random_random,-1,1700,55.22781143007638,3797
1022,sakaiproject-sakai.csv,BATCHDIVIDE4,-1,random_random,-1,2017,46.879115090861205,3797
1023,dreamhead-moco.csv,BATCHBISECT,-1,linear,1,2905,34.201585503963756,4415
1024,dreamhead-moco.csv,BATCHBISECT,-1,linear,2,2839,35.696489241223105,4415
1025,dreamhead-moco.csv,BATCHBISECT,-1,linear,3,2805,36.46659116647792,4415
1026,dreamhead-moco.csv,BATCHBISECT,-1,linear,4,2745,37.82559456398641,4415
1027,dreamhead-moco.csv,BATCHSTOP4,-1,linear,1,3506,20.58890147225368,4415
1028,dreamhead-moco.csv,BATCHSTOP4,-1,linear,2,3579,18.935447338618346,4415
1029,dreamhead-moco.csv,BATCHSTOP4,-1,linear,3,3596,18.550396375990942,4415
1030,dreamhead-moco.csv,BATCHSTOP4,-1,linear,4,3587,18.75424688561722,4415
1031,dreamhead-moco.csv,BATCHDIVIDE4,-1,linear,1,3823,13.40883352208381,4415
1032,dreamhead-moco.csv,BATCHDIVIDE4,-1,linear,2,3937,10.826727066817668,4415
1033,dreamhead-moco.csv,BATCHDIVIDE4,-1,linear,3,3897,11.732729331823336,4415
1034,dreamhead-moco.csv,BATCHDIVIDE4,-1,linear,4,3933,10.917327293318237,4415
1035,dreamhead-moco.csv,BATCHBISECT,-1,exponential,2,2834,35.809739524348814,4415
1036,dreamhead-moco.csv,BATCHBISECT,-1,exponential,3,2759,37.50849377123443,4415
1037,dreamhead-moco.csv,BATCHSTOP4,-1,exponential,2,3566,19.229898074745194,4415
1038,dreamhead-moco.csv,BATCHSTOP4,-1,exponential,3,3720,15.741789354473383,4415
1039,dreamhead-moco.csv,BATCHDIVIDE4,-1,exponential,2,3865,12.457531143827865,4415
1040,dreamhead-moco.csv,BATCHDIVIDE4,-1,exponential,3,3720,15.741789354473383,4415
1041,dreamhead-moco.csv,BATCHBISECT,-1,stagger,2,2712,38.57304643261608,4415
1042,dreamhead-moco.csv,BATCHBISECT,-1,stagger,3,2713,38.55039637599094,4415
1043,dreamhead-moco.csv,BATCHSTOP4,-1,stagger,2,3657,17.1687429218573,4415
1044,dreamhead-moco.csv,BATCHSTOP4,-1,stagger,3,3693,16.353340883352203,4415
1045,dreamhead-moco.csv,BATCHDIVIDE4,-1,stagger,2,3943,10.69082672706682,4415
1046,dreamhead-moco.csv,BATCHDIVIDE4,-1,stagger,3,3986,9.716874292185736,4415
1047,dreamhead-moco.csv,BATCHBISECT,-1,random_linear,-1,2843,35.605889014722536,4415
1048,dreamhead-moco.csv,BATCHSTOP4,-1,random_linear,-1,3602,18.414496036240095,4415
1049,dreamhead-moco.csv,BATCHDIVIDE4,-1,random_linear,-1,3238,26.65911664779162,4415
1050,dreamhead-moco.csv,BATCHBISECT,-1,random_exponential,-1,2822,36.08154020385051,4415
1051,dreamhead-moco.csv,BATCHSTOP4,-1,random_exponential,-1,3659,17.123442808607024,4415
1052,dreamhead-moco.csv,BATCHDIVIDE4,-1,random_exponential,-1,3059,30.71347678369196,4415
1053,dreamhead-moco.csv,BATCHBISECT,-1,random_random,-1,2858,35.26613816534541,4415
1054,dreamhead-moco.csv,BATCHSTOP4,-1,random_random,-1,3569,19.161947904869763,4415
1055,dreamhead-moco.csv,BATCHDIVIDE4,-1,random_random,-1,3948,10.577576443941112,4415
1056,nutzam-nutz.csv,BATCHBISECT,-1,linear,1,3962,13.133084849813642,4561
1057,nutzam-nutz.csv,BATCHBISECT,-1,linear,2,3846,15.676386757290075,4561
1058,nutzam-nutz.csv,BATCHBISECT,-1,linear,3,3812,16.42183731637799,4561
1059,nutzam-nutz.csv,BATCHBISECT,-1,linear,4,3788,16.948037711028277,4561
1060,nutzam-nutz.csv,BATCHSTOP4,-1,linear,1,4611,-1.0962508221881109,4561
1061,nutzam-nutz.csv,BATCHSTOP4,-1,linear,2,4559,0.04385003288751932,4561
1062,nutzam-nutz.csv,BATCHSTOP4,-1,linear,3,4668,-2.345976759482568,4561
1063,nutzam-nutz.csv,BATCHSTOP4,-1,linear,4,4749,-4.121903091427313,4561
1064,nutzam-nutz.csv,BATCHDIVIDE4,-1,linear,1,4735,-3.8149528612146497,4561
1065,nutzam-nutz.csv,BATCHDIVIDE4,-1,linear,2,4736,-3.8368778776584094,4561
1066,nutzam-nutz.csv,BATCHDIVIDE4,-1,linear,3,4792,-5.064678798509092,4561
1067,nutzam-nutz.csv,BATCHDIVIDE4,-1,linear,4,4904,-7.520280640210487,4561
1068,nutzam-nutz.csv,BATCHBISECT,-1,exponential,2,3849,15.610611707958782,4561
1069,nutzam-nutz.csv,BATCHBISECT,-1,exponential,3,3769,17.364613023459768,4561
1070,nutzam-nutz.csv,BATCHSTOP4,-1,exponential,2,4574,-0.285025213768904,4561
1071,nutzam-nutz.csv,BATCHSTOP4,-1,exponential,3,4796,-5.152378864284145,4561
1072,nutzam-nutz.csv,BATCHDIVIDE4,-1,exponential,2,4709,-3.2449024336768275,4561
1073,nutzam-nutz.csv,BATCHDIVIDE4,-1,exponential,3,4797,-5.174303880727905,4561
1074,nutzam-nutz.csv,BATCHBISECT,-1,stagger,2,3688,19.140539355404513,4561
1075,nutzam-nutz.csv,BATCHBISECT,-1,stagger,3,3730,18.219688664766494,4561
1076,nutzam-nutz.csv,BATCHSTOP4,-1,stagger,2,4838,-6.073229554922165,4561
1077,nutzam-nutz.csv,BATCHSTOP4,-1,stagger,3,4905,-7.542205656654247,4561
1078,nutzam-nutz.csv,BATCHDIVIDE4,-1,stagger,2,4972,-9.011181758386314,4561
1079,nutzam-nutz.csv,BATCHDIVIDE4,-1,stagger,3,5053,-10.787108090331074,4561
1080,nutzam-nutz.csv,BATCHBISECT,-1,random_linear,-1,4023,11.795658846744132,4561
1081,nutzam-nutz.csv,BATCHSTOP4,-1,random_linear,-1,4729,-3.6834027625520775,4561
1082,nutzam-nutz.csv,BATCHDIVIDE4,-1,random_linear,-1,4028,11.68603376452532,4561
1083,nutzam-nutz.csv,BATCHBISECT,-1,random_exponential,-1,3954,13.308484981363733,4561
1084,nutzam-nutz.csv,BATCHSTOP4,-1,random_exponential,-1,4774,-4.670028502521376,4561
1085,nutzam-nutz.csv,BATCHDIVIDE4,-1,random_exponential,-1,4037,11.488708616531468,4561
1086,nutzam-nutz.csv,BATCHBISECT,-1,random_random,-1,3959,13.19885989914492,4561
1087,nutzam-nutz.csv,BATCHSTOP4,-1,random_random,-1,4668,-2.345976759482568,4561
1088,nutzam-nutz.csv,BATCHDIVIDE4,-1,random_random,-1,4777,-4.735803551852669,4561
1089,CloudSlang-cloud-slang.csv,BATCHBISECT,-1,linear,1,1321,39.09635776855694,2169
1090,CloudSlang-cloud-slang.csv,BATCHBISECT,-1,linear,2,1357,37.43660673121254,2169
1091,CloudSlang-cloud-slang.csv,BATCHBISECT,-1,linear,3,1334,38.49700322729368,2169
1092,CloudSlang-cloud-slang.csv,BATCHBISECT,-1,linear,4,1354,37.57491931765791,2169
1093,CloudSlang-cloud-slang.csv,BATCHSTOP4,-1,linear,1,1259,41.95481788842785,2169
1094,CloudSlang-cloud-slang.csv,BATCHSTOP4,-1,linear,2,1264,41.724296911018904,2169
1095,CloudSlang-cloud-slang.csv,BATCHSTOP4,-1,linear,3,1260,41.90871369294606,2169
1096,CloudSlang-cloud-slang.csv,BATCHSTOP4,-1,linear,4,1282,40.8944213923467,2169
1097,CloudSlang-cloud-slang.csv,BATCHDIVIDE4,-1,linear,1,1411,34.94698017519595,2169
1098,CloudSlang-cloud-slang.csv,BATCHDIVIDE4,-1,linear,2,1430,34.07100046104196,2169
1099,CloudSlang-cloud-slang.csv,BATCHDIVIDE4,-1,linear,3,1399,35.50023052097741,2169
1100,CloudSlang-cloud-slang.csv,BATCHDIVIDE4,-1,linear,4,1423,34.39372982941448,2169
1101,CloudSlang-cloud-slang.csv,BATCHBISECT,-1,exponential,2,1256,42.09313047487321,2169
1102,CloudSlang-cloud-slang.csv,BATCHBISECT,-1,exponential,3,1289,40.57169202397418,2169
1103,CloudSlang-cloud-slang.csv,BATCHSTOP4,-1,exponential,2,1210,44.2139234670355,2169
1104,CloudSlang-cloud-slang.csv,BATCHSTOP4,-1,exponential,3,1250,42.369755647763945,2169
1105,CloudSlang-cloud-slang.csv,BATCHDIVIDE4,-1,exponential,2,1321,39.09635776855694,2169
1106,CloudSlang-cloud-slang.csv,BATCHDIVIDE4,-1,exponential,3,1265,41.678192715537115,2169
1107,CloudSlang-cloud-slang.csv,BATCHBISECT,-1,stagger,2,1313,39.46519133241125,2169
1108,CloudSlang-cloud-slang.csv,BATCHBISECT,-1,stagger,3,1300,40.064545873674504,2169
1109,CloudSlang-cloud-slang.csv,BATCHSTOP4,-1,stagger,2,1308,39.695712309820195,2169
1110,CloudSlang-cloud-slang.csv,BATCHSTOP4,-1,stagger,3,1259,41.95481788842785,2169
1111,CloudSlang-cloud-slang.csv,BATCHDIVIDE4,-1,stagger,2,1443,33.471645919778695,2169
1112,CloudSlang-cloud-slang.csv,BATCHDIVIDE4,-1,stagger,3,1379,36.422314430613184,2169
1113,CloudSlang-cloud-slang.csv,BATCHBISECT,-1,random_linear,-1,1374,36.65283540802213,2169
1114,CloudSlang-cloud-slang.csv,BATCHSTOP4,-1,random_linear,-1,1294,40.341171046565236,2169
1115,CloudSlang-cloud-slang.csv,BATCHDIVIDE4,-1,random_linear,-1,780,64.0387275242047,2169
1116,CloudSlang-cloud-slang.csv,BATCHBISECT,-1,random_exponential,-1,1385,36.14568925772245,2169
1117,CloudSlang-cloud-slang.csv,BATCHSTOP4,-1,random_exponential,-1,1312,39.51129552789304,2169
1118,CloudSlang-cloud-slang.csv,BATCHDIVIDE4,-1,random_exponential,-1,734,66.159520516367,2169
1119,CloudSlang-cloud-slang.csv,BATCHBISECT,-1,random_random,-1,1312,39.51129552789304,2169
1120,CloudSlang-cloud-slang.csv,BATCHSTOP4,-1,random_random,-1,1307,39.74181650530198,2169
1121,CloudSlang-cloud-slang.csv,BATCHDIVIDE4,-1,random_random,-1,1390,35.91516828031351,2169
1122,geotools-geotools.csv,BATCHBISECT,-1,linear,1,3123,27.2027972027972,4290
1123,geotools-geotools.csv,BATCHBISECT,-1,linear,2,3131,27.016317016317018,4290
1124,geotools-geotools.csv,BATCHBISECT,-1,linear,3,3065,28.55477855477855,4290
1125,geotools-geotools.csv,BATCHBISECT,-1,linear,4,3036,29.230769230769226,4290
1126,geotools-geotools.csv,BATCHSTOP4,-1,linear,1,4673,-8.927738927738929,4290
1127,geotools-geotools.csv,BATCHSTOP4,-1,linear,2,4706,-9.696969696969703,4290
1128,geotools-geotools.csv,BATCHSTOP4,-1,linear,3,4667,-8.787878787878782,4290
1129,geotools-geotools.csv,BATCHSTOP4,-1,linear,4,4668,-8.811188811188813,4290
1130,geotools-geotools.csv,BATCHDIVIDE4,-1,linear,1,4928,-14.871794871794876,4290
1131,geotools-geotools.csv,BATCHDIVIDE4,-1,linear,2,4968,-15.8041958041958,4290
1132,geotools-geotools.csv,BATCHDIVIDE4,-1,linear,3,4888,-13.939393939393938,4290
1133,geotools-geotools.csv,BATCHDIVIDE4,-1,linear,4,4907,-14.382284382284382,4290
1134,geotools-geotools.csv,BATCHBISECT,-1,exponential,2,3070,28.438228438228435,4290
1135,geotools-geotools.csv,BATCHBISECT,-1,exponential,3,3008,29.883449883449885,4290
1136,geotools-geotools.csv,BATCHSTOP4,-1,exponential,2,4647,-8.32167832167832,4290
1137,geotools-geotools.csv,BATCHSTOP4,-1,exponential,3,4714,-9.883449883449885,4290
1138,geotools-geotools.csv,BATCHDIVIDE4,-1,exponential,2,4834,-12.680652680652685,4290
1139,geotools-geotools.csv,BATCHDIVIDE4,-1,exponential,3,4714,-9.883449883449885,4290
1140,geotools-geotools.csv,BATCHBISECT,-1,stagger,2,3014,29.743589743589737,4290
1141,geotools-geotools.csv,BATCHBISECT,-1,stagger,3,3015,29.72027972027972,4290
1142,geotools-geotools.csv,BATCHSTOP4,-1,stagger,2,4720,-10.023310023310017,4290
1143,geotools-geotools.csv,BATCHSTOP4,-1,stagger,3,4731,-10.27972027972028,4290
1144,geotools-geotools.csv,BATCHDIVIDE4,-1,stagger,2,4898,-14.172494172494169,4290
1145,geotools-geotools.csv,BATCHDIVIDE4,-1,stagger,3,4935,-15.03496503496504,4290
1146,geotools-geotools.csv,BATCHBISECT,-1,random_linear,-1,3122,27.22610722610723,4290
1147,geotools-geotools.csv,BATCHSTOP4,-1,random_linear,-1,4722,-10.069930069930066,4290
1148,geotools-geotools.csv,BATCHDIVIDE4,-1,random_linear,-1,4087,4.731934731934729,4290
1149,geotools-geotools.csv,BATCHBISECT,-1,random_exponential,-1,3110,27.50582750582751,4290
1150,geotools-geotools.csv,BATCHSTOP4,-1,random_exponential,-1,4706,-9.696969696969703,4290
1151,geotools-geotools.csv,BATCHDIVIDE4,-1,random_exponential,-1,4078,4.941724941724942,4290
1152,geotools-geotools.csv,BATCHBISECT,-1,random_random,-1,3117,27.342657342657347,4290
1153,geotools-geotools.csv,BATCHSTOP4,-1,random_random,-1,4693,-9.393939393939391,4290
1154,geotools-geotools.csv,BATCHDIVIDE4,-1,random_random,-1,4881,-13.776223776223773,4290
1155,CloudifySource-cloudify.csv,BATCHBISECT,-1,linear,1,3554,30.96348096348096,5148
1156,CloudifySource-cloudify.csv,BATCHBISECT,-1,linear,2,3478,32.439782439782434,5148
1157,CloudifySource-cloudify.csv,BATCHBISECT,-1,linear,3,3421,33.547008547008545,5148
1158,CloudifySource-cloudify.csv,BATCHBISECT,-1,linear,4,3345,35.02331002331002,5148
1159,CloudifySource-cloudify.csv,BATCHSTOP4,-1,linear,1,3564,30.769230769230774,5148
1160,CloudifySource-cloudify.csv,BATCHSTOP4,-1,linear,2,3667,28.768453768453767,5148
1161,CloudifySource-cloudify.csv,BATCHSTOP4,-1,linear,3,3680,28.515928515928522,5148
1162,CloudifySource-cloudify.csv,BATCHSTOP4,-1,linear,4,3745,27.25330225330225,5148
1163,CloudifySource-cloudify.csv,BATCHDIVIDE4,-1,linear,1,3896,24.32012432012432,5148
1164,CloudifySource-cloudify.csv,BATCHDIVIDE4,-1,linear,2,4023,21.853146853146853,5148
1165,CloudifySource-cloudify.csv,BATCHDIVIDE4,-1,linear,3,3949,23.290598290598297,5148
1166,CloudifySource-cloudify.csv,BATCHDIVIDE4,-1,linear,4,4084,20.66822066822067,5148
1167,CloudifySource-cloudify.csv,BATCHBISECT,-1,exponential,2,3370,34.53768453768454,5148
1168,CloudifySource-cloudify.csv,BATCHBISECT,-1,exponential,3,3239,37.08236208236208,5148
1169,CloudifySource-cloudify.csv,BATCHSTOP4,-1,exponential,2,3706,28.010878010878017,5148
1170,CloudifySource-cloudify.csv,BATCHSTOP4,-1,exponential,3,3804,26.10722610722611,5148
1171,CloudifySource-cloudify.csv,BATCHDIVIDE4,-1,exponential,2,3951,23.251748251748253,5148
1172,CloudifySource-cloudify.csv,BATCHDIVIDE4,-1,exponential,3,3804,26.10722610722611,5148
1173,CloudifySource-cloudify.csv,BATCHBISECT,-1,stagger,2,3283,36.22766122766123,5148
1174,CloudifySource-cloudify.csv,BATCHBISECT,-1,stagger,3,3276,36.36363636363637,5148
1175,CloudifySource-cloudify.csv,BATCHSTOP4,-1,stagger,2,3828,25.641025641025635,5148
1176,CloudifySource-cloudify.csv,BATCHSTOP4,-1,stagger,3,3760,26.961926961926963,5148
1177,CloudifySource-cloudify.csv,BATCHDIVIDE4,-1,stagger,2,4090,20.551670551670554,5148
1178,CloudifySource-cloudify.csv,BATCHDIVIDE4,-1,stagger,3,4047,21.38694638694639,5148
1179,CloudifySource-cloudify.csv,BATCHBISECT,-1,random_linear,-1,3513,31.759906759906755,5148
1180,CloudifySource-cloudify.csv,BATCHSTOP4,-1,random_linear,-1,3785,26.476301476301472,5148
1181,CloudifySource-cloudify.csv,BATCHDIVIDE4,-1,random_linear,-1,2489,51.65112665112665,5148
1182,CloudifySource-cloudify.csv,BATCHBISECT,-1,random_exponential,-1,3487,32.26495726495726,5148
1183,CloudifySource-cloudify.csv,BATCHSTOP4,-1,random_exponential,-1,3840,25.407925407925404,5148
1184,CloudifySource-cloudify.csv,BATCHDIVIDE4,-1,random_exponential,-1,2600,49.494949494949495,5148
1185,CloudifySource-cloudify.csv,BATCHBISECT,-1,random_random,-1,3479,32.42035742035742,5148
1186,CloudifySource-cloudify.csv,BATCHSTOP4,-1,random_random,-1,3684,28.438228438228435,5148
1187,CloudifySource-cloudify.csv,BATCHDIVIDE4,-1,random_random,-1,4006,22.183372183372185,5148
1188,SpongePowered-SpongeCommon.csv,BATCHBISECT,-1,linear,1,2161,41.83041722745626,3715
1189,SpongePowered-SpongeCommon.csv,BATCHBISECT,-1,linear,2,2124,42.82637954239569,3715
1190,SpongePowered-SpongeCommon.csv,BATCHBISECT,-1,linear,3,2112,43.149394347240914,3715
1191,SpongePowered-SpongeCommon.csv,BATCHBISECT,-1,linear,4,2031,45.32974427994616,3715
1192,SpongePowered-SpongeCommon.csv,BATCHSTOP4,-1,linear,1,1942,47.72543741588156,3715
1193,SpongePowered-SpongeCommon.csv,BATCHSTOP4,-1,linear,2,1931,48.02153432032301,3715
1194,SpongePowered-SpongeCommon.csv,BATCHSTOP4,-1,linear,3,1940,47.7792732166891,3715
1195,SpongePowered-SpongeCommon.csv,BATCHSTOP4,-1,linear,4,1812,51.22476446837147,3715
1196,SpongePowered-SpongeCommon.csv,BATCHDIVIDE4,-1,linear,1,2310,37.81965006729475,3715
1197,SpongePowered-SpongeCommon.csv,BATCHDIVIDE4,-1,linear,2,2236,39.81157469717362,3715
1198,SpongePowered-SpongeCommon.csv,BATCHDIVIDE4,-1,linear,3,2242,39.65006729475101,3715
1199,SpongePowered-SpongeCommon.csv,BATCHDIVIDE4,-1,linear,4,2156,41.9650067294751,3715
1200,SpongePowered-SpongeCommon.csv,BATCHBISECT,-1,exponential,2,2049,44.84522207267833,3715
1201,SpongePowered-SpongeCommon.csv,BATCHBISECT,-1,exponential,3,2017,45.706594885598925,3715
1202,SpongePowered-SpongeCommon.csv,BATCHSTOP4,-1,exponential,2,1826,50.847913862718706,3715
1203,SpongePowered-SpongeCommon.csv,BATCHSTOP4,-1,exponential,3,1999,46.191117092866754,3715
1204,SpongePowered-SpongeCommon.csv,BATCHDIVIDE4,-1,exponential,2,2069,44.30686406460296,3715
1205,SpongePowered-SpongeCommon.csv,BATCHDIVIDE4,-1,exponential,3,2004,46.056527590847914,3715
1206,SpongePowered-SpongeCommon.csv,BATCHBISECT,-1,stagger,2,2032,45.302826379542395,3715
1207,SpongePowered-SpongeCommon.csv,BATCHBISECT,-1,stagger,3,2006,46.00269179004038,3715
1208,SpongePowered-SpongeCommon.csv,BATCHSTOP4,-1,stagger,2,2065,44.414535666218036,3715
1209,SpongePowered-SpongeCommon.csv,BATCHSTOP4,-1,stagger,3,2008,45.94885598923284,3715
1210,SpongePowered-SpongeCommon.csv,BATCHDIVIDE4,-1,stagger,2,2314,37.71197846567968,3715
1211,SpongePowered-SpongeCommon.csv,BATCHDIVIDE4,-1,stagger,3,2283,38.546433378196504,3715
1212,SpongePowered-SpongeCommon.csv,BATCHBISECT,-1,random_linear,-1,2107,43.283983849259755,3715
1213,SpongePowered-SpongeCommon.csv,BATCHSTOP4,-1,random_linear,-1,2005,46.02960969044415,3715
1214,SpongePowered-SpongeCommon.csv,BATCHDIVIDE4,-1,random_linear,-1,1026,72.38223418573351,3715
1215,SpongePowered-SpongeCommon.csv,BATCHBISECT,-1,random_exponential,-1,2094,43.63391655450875,3715
1216,SpongePowered-SpongeCommon.csv,BATCHSTOP4,-1,random_exponential,-1,2058,44.60296096904442,3715
1217,SpongePowered-SpongeCommon.csv,BATCHDIVIDE4,-1,random_exponential,-1,1210,67.4293405114401,3715
1218,SpongePowered-SpongeCommon.csv,BATCHBISECT,-1,random_random,-1,2075,44.14535666218035,3715
1219,SpongePowered-SpongeCommon.csv,BATCHSTOP4,-1,random_random,-1,1936,47.88694481830417,3715
1220,SpongePowered-SpongeCommon.csv,BATCHDIVIDE4,-1,random_random,-1,2276,38.73485868102288,3715
1221,apache-zeppelin.csv,BATCHBISECT,-1,linear,1,4408,4.443962714068931,4613
1222,apache-zeppelin.csv,BATCHBISECT,-1,linear,2,4375,5.1593323216995515,4613
1223,apache-zeppelin.csv,BATCHBISECT,-1,linear,3,4465,3.2083243008887905,4613
1224,apache-zeppelin.csv,BATCHBISECT,-1,linear,4,4356,5.571211792759598,4613
1225,apache-zeppelin.csv,BATCHSTOP4,-1,linear,1,5429,-17.689139388684154,4613
1226,apache-zeppelin.csv,BATCHSTOP4,-1,linear,2,5359,-16.171688705831343,4613
1227,apache-zeppelin.csv,BATCHSTOP4,-1,linear,3,5340,-15.759809234771296,4613
1228,apache-zeppelin.csv,BATCHSTOP4,-1,linear,4,5507,-19.380013006720134,4613
1229,apache-zeppelin.csv,BATCHDIVIDE4,-1,linear,1,5478,-18.751354866681112,4613
1230,apache-zeppelin.csv,BATCHDIVIDE4,-1,linear,2,5465,-18.469542597008456,4613
1231,apache-zeppelin.csv,BATCHDIVIDE4,-1,linear,3,5421,-17.51571645350097,4613
1232,apache-zeppelin.csv,BATCHDIVIDE4,-1,linear,4,5609,-21.591155430305662,4613
1233,apache-zeppelin.csv,BATCHBISECT,-1,exponential,2,4364,5.3977888575764155,4613
1234,apache-zeppelin.csv,BATCHBISECT,-1,exponential,3,4148,10.080208107522225,4613
1235,apache-zeppelin.csv,BATCHSTOP4,-1,exponential,2,5372,-16.453500975504014,4613
1236,apache-zeppelin.csv,BATCHSTOP4,-1,exponential,3,5600,-21.396054628224576,4613
1237,apache-zeppelin.csv,BATCHDIVIDE4,-1,exponential,2,5437,-17.862562323867337,4613
1238,apache-zeppelin.csv,BATCHDIVIDE4,-1,exponential,3,5606,-21.526121829611967,4613
1239,apache-zeppelin.csv,BATCHBISECT,-1,stagger,2,4010,13.07175373943204,4613
1240,apache-zeppelin.csv,BATCHBISECT,-1,stagger,3,4142,10.210275308909601,4613
1241,apache-zeppelin.csv,BATCHSTOP4,-1,stagger,2,5684,-23.216995447647946,4613
1242,apache-zeppelin.csv,BATCHSTOP4,-1,stagger,3,5600,-21.396054628224576,4613
1243,apache-zeppelin.csv,BATCHDIVIDE4,-1,stagger,2,5745,-24.539345328419685,4613
1244,apache-zeppelin.csv,BATCHDIVIDE4,-1,stagger,3,5708,-23.73726425319748,4613
1245,apache-zeppelin.csv,BATCHBISECT,-1,random_linear,-1,4490,2.666377628441367,4613
1246,apache-zeppelin.csv,BATCHSTOP4,-1,random_linear,-1,5398,-17.01712551484934,4613
1247,apache-zeppelin.csv,BATCHDIVIDE4,-1,random_linear,-1,4377,5.115976587903745,4613
1248,apache-zeppelin.csv,BATCHBISECT,-1,random_exponential,-1,4344,5.8313461955343655,4613
1249,apache-zeppelin.csv,BATCHSTOP4,-1,random_exponential,-1,5546,-20.22544981573813,4613
1250,apache-zeppelin.csv,BATCHDIVIDE4,-1,random_exponential,-1,4779,-3.5985259050509484,4613
1251,apache-zeppelin.csv,BATCHBISECT,-1,random_random,-1,4576,0.8020810752222047,4613
1252,apache-zeppelin.csv,BATCHSTOP4,-1,random_random,-1,5331,-15.564708432690225,4613
1253,apache-zeppelin.csv,BATCHDIVIDE4,-1,random_random,-1,5518,-19.618469542597012,4613
1254,typetools-checker-framework.csv,BATCHBISECT,-1,linear,1,3186,30.33019899409578,4573
1255,typetools-checker-framework.csv,BATCHBISECT,-1,linear,2,3106,32.079597638311824,4573
1256,typetools-checker-framework.csv,BATCHBISECT,-1,linear,3,3083,32.582549748523945,4573
1257,typetools-checker-framework.csv,BATCHBISECT,-1,linear,4,3011,34.157008528318386,4573
1258,typetools-checker-framework.csv,BATCHSTOP4,-1,linear,1,3696,19.177782637218456,4573
1259,typetools-checker-framework.csv,BATCHSTOP4,-1,linear,2,3757,17.84386617100371,4573
1260,typetools-checker-framework.csv,BATCHSTOP4,-1,linear,3,3762,17.734528755740214,4573
1261,typetools-checker-framework.csv,BATCHSTOP4,-1,linear,4,3802,16.859829433632186,4573
1262,typetools-checker-framework.csv,BATCHDIVIDE4,-1,linear,1,3988,12.792477585829872,4573
1263,typetools-checker-framework.csv,BATCHDIVIDE4,-1,linear,2,4116,9.993439755084196,4573
1264,typetools-checker-framework.csv,BATCHDIVIDE4,-1,linear,3,4042,11.611633500984041,4573
1265,typetools-checker-framework.csv,BATCHDIVIDE4,-1,linear,4,4100,10.343319483927402,4573
1266,typetools-checker-framework.csv,BATCHBISECT,-1,exponential,2,3006,34.2663459435819,4573
1267,typetools-checker-framework.csv,BATCHBISECT,-1,exponential,3,2955,35.38158757926962,4573
1268,typetools-checker-framework.csv,BATCHSTOP4,-1,exponential,2,3749,18.018806035425328,4573
1269,typetools-checker-framework.csv,BATCHSTOP4,-1,exponential,3,3971,13.16422479772578,4573
1270,typetools-checker-framework.csv,BATCHDIVIDE4,-1,exponential,2,4023,12.027115678985353,4573
1271,typetools-checker-framework.csv,BATCHDIVIDE4,-1,exponential,3,3983,12.901815001093368,4573
1272,typetools-checker-framework.csv,BATCHBISECT,-1,stagger,2,2835,38.0056855455937,4573
1273,typetools-checker-framework.csv,BATCHBISECT,-1,stagger,3,2851,37.655805816750494,4573
1274,typetools-checker-framework.csv,BATCHSTOP4,-1,stagger,2,3812,16.64115460310518,4573
1275,typetools-checker-framework.csv,BATCHSTOP4,-1,stagger,3,3935,13.951454187623,4573
1276,typetools-checker-framework.csv,BATCHDIVIDE4,-1,stagger,2,4091,10.540126831401707,4573
1277,typetools-checker-framework.csv,BATCHDIVIDE4,-1,stagger,3,4239,7.303739339602018,4573
1278,typetools-checker-framework.csv,BATCHBISECT,-1,random_linear,-1,3122,31.72971790946862,4573
1279,typetools-checker-framework.csv,BATCHSTOP4,-1,random_linear,-1,3818,16.50994970478898,4573
1280,typetools-checker-framework.csv,BATCHDIVIDE4,-1,random_linear,-1,3241,29.12748742619725,4573
1281,typetools-checker-framework.csv,BATCHBISECT,-1,random_exponential,-1,3031,33.71965886726437,4573
1282,typetools-checker-framework.csv,BATCHSTOP4,-1,random_exponential,-1,3839,16.050732560682263,4573
1283,typetools-checker-framework.csv,BATCHDIVIDE4,-1,random_exponential,-1,3406,25.519352722501637,4573
1284,typetools-checker-framework.csv,BATCHBISECT,-1,random_random,-1,3099,32.23267001968074,4573
1285,typetools-checker-framework.csv,BATCHSTOP4,-1,random_random,-1,3743,18.150010933741527,4573
1286,typetools-checker-framework.csv,BATCHDIVIDE4,-1,random_random,-1,4088,10.605729280559814,4573
1287,geoserver-geoserver.csv,BATCHBISECT,-1,linear,1,4839,9.905045615341649,5371
1288,geoserver-geoserver.csv,BATCHBISECT,-1,linear,2,4853,9.644386520201081,5371
1289,geoserver-geoserver.csv,BATCHBISECT,-1,linear,3,4899,8.787935207596348,5371
1290,geoserver-geoserver.csv,BATCHBISECT,-1,linear,4,4850,9.70024204058835,5371
1291,geoserver-geoserver.csv,BATCHSTOP4,-1,linear,1,6132,-14.16868367156954,5371
1292,geoserver-geoserver.csv,BATCHSTOP4,-1,linear,2,6220,-15.807112269595976,5371
1293,geoserver-geoserver.csv,BATCHSTOP4,-1,linear,3,6217,-15.751256749208707,5371
1294,geoserver-geoserver.csv,BATCHSTOP4,-1,linear,4,6286,-17.035933718115814,5371
1295,geoserver-geoserver.csv,BATCHDIVIDE4,-1,linear,1,6266,-16.66356358220071,5371
1296,geoserver-geoserver.csv,BATCHDIVIDE4,-1,linear,2,6334,-17.92962204431204,5371
1297,geoserver-geoserver.csv,BATCHDIVIDE4,-1,linear,3,6298,-17.25935579966486,5371
1298,geoserver-geoserver.csv,BATCHDIVIDE4,-1,linear,4,6389,-18.953639918078565,5371
1299,geoserver-geoserver.csv,BATCHBISECT,-1,exponential,2,4724,12.046173896853475,5371
1300,geoserver-geoserver.csv,BATCHBISECT,-1,exponential,3,4762,11.338670638614786,5371
1301,geoserver-geoserver.csv,BATCHSTOP4,-1,exponential,2,6070,-13.01433625023273,5371
1302,geoserver-geoserver.csv,BATCHSTOP4,-1,exponential,3,6292,-17.147644758890337,5371
1303,geoserver-geoserver.csv,BATCHDIVIDE4,-1,exponential,2,6154,-14.578290821076152,5371
1304,geoserver-geoserver.csv,BATCHDIVIDE4,-1,exponential,3,6292,-17.147644758890337,5371
1305,geoserver-geoserver.csv,BATCHBISECT,-1,stagger,2,4706,12.381307019177058,5371
1306,geoserver-geoserver.csv,BATCHBISECT,-1,stagger,3,4772,11.152485570657234,5371
1307,geoserver-geoserver.csv,BATCHSTOP4,-1,stagger,2,6371,-18.618506795754982,5371
1308,geoserver-geoserver.csv,BATCHSTOP4,-1,stagger,3,6347,-18.17166263265686,5371
1309,geoserver-geoserver.csv,BATCHDIVIDE4,-1,stagger,2,6465,-20.368646434555956,5371
1310,geoserver-geoserver.csv,BATCHDIVIDE4,-1,stagger,3,6455,-20.182461366598403,5371
1311,geoserver-geoserver.csv,BATCHBISECT,-1,random_linear,-1,5293,1.452243530068884,5371
1312,geoserver-geoserver.csv,BATCHSTOP4,-1,random_linear,-1,6225,-15.900204803574752,5371
1313,geoserver-geoserver.csv,BATCHDIVIDE4,-1,random_linear,-1,5461,-1.6756656116179443,5371
1314,geoserver-geoserver.csv,BATCHBISECT,-1,random_exponential,-1,4998,6.944703034816612,5371
1315,geoserver-geoserver.csv,BATCHSTOP4,-1,random_exponential,-1,6299,-17.27797430646062,5371
1316,geoserver-geoserver.csv,BATCHDIVIDE4,-1,random_exponential,-1,5421,-0.9309253397877484,5371
1317,geoserver-geoserver.csv,BATCHBISECT,-1,random_random,-1,5250,2.2528393222863485,5371
1318,geoserver-geoserver.csv,BATCHSTOP4,-1,random_random,-1,6183,-15.118227518153049,5371
1319,geoserver-geoserver.csv,BATCHDIVIDE4,-1,random_random,-1,6350,-18.22751815304413,5371
1320,ngageoint-geowave.csv,BATCHBISECT,-1,linear,1,1506,48.670756646216766,2934
1321,ngageoint-geowave.csv,BATCHBISECT,-1,linear,2,1453,50.477164280845265,2934
1322,ngageoint-geowave.csv,BATCHBISECT,-1,linear,3,1437,51.02249488752556,2934
1323,ngageoint-geowave.csv,BATCHBISECT,-1,linear,4,1417,51.70415814587594,2934
1324,ngageoint-geowave.csv,BATCHSTOP4,-1,linear,1,1369,53.34014996591684,2934
1325,ngageoint-geowave.csv,BATCHSTOP4,-1,linear,2,1327,54.771642808452626,2934
1326,ngageoint-geowave.csv,BATCHSTOP4,-1,linear,3,1374,53.169734151329244,2934
1327,ngageoint-geowave.csv,BATCHSTOP4,-1,linear,4,1428,51.329243353783234,2934
1328,ngageoint-geowave.csv,BATCHDIVIDE4,-1,linear,1,1692,42.331288343558285,2934
1329,ngageoint-geowave.csv,BATCHDIVIDE4,-1,linear,2,1659,43.4560327198364,2934
1330,ngageoint-geowave.csv,BATCHDIVIDE4,-1,linear,3,1690,42.39945466939332,2934
1331,ngageoint-geowave.csv,BATCHDIVIDE4,-1,linear,4,1754,40.21813224267212,2934
1332,ngageoint-geowave.csv,BATCHBISECT,-1,exponential,2,1355,53.8173142467621,2934
1333,ngageoint-geowave.csv,BATCHBISECT,-1,exponential,3,1399,52.317655078391276,2934
1334,ngageoint-geowave.csv,BATCHSTOP4,-1,exponential,2,1296,55.828220858895705,2934
1335,ngageoint-geowave.csv,BATCHSTOP4,-1,exponential,3,1489,49.25017041581459,2934
1336,ngageoint-geowave.csv,BATCHDIVIDE4,-1,exponential,2,1586,45.94410361281527,2934
1337,ngageoint-geowave.csv,BATCHDIVIDE4,-1,exponential,3,1489,49.25017041581459,2934
1338,ngageoint-geowave.csv,BATCHBISECT,-1,stagger,2,1343,54.22631220177232,2934
1339,ngageoint-geowave.csv,BATCHBISECT,-1,stagger,3,1349,54.02181322426721,2934
1340,ngageoint-geowave.csv,BATCHSTOP4,-1,stagger,2,1472,49.82958418541241,2934
1341,ngageoint-geowave.csv,BATCHSTOP4,-1,stagger,3,1469,49.93183367416496,2934
1342,ngageoint-geowave.csv,BATCHDIVIDE4,-1,stagger,2,1757,40.115882753919564,2934
1343,ngageoint-geowave.csv,BATCHDIVIDE4,-1,stagger,3,1759,40.04771642808453,2934
1344,ngageoint-geowave.csv,BATCHBISECT,-1,random_linear,-1,1425,51.43149284253579,2934
1345,ngageoint-geowave.csv,BATCHSTOP4,-1,random_linear,-1,1360,53.6468984321745,2934
1346,ngageoint-geowave.csv,BATCHDIVIDE4,-1,random_linear,-1,793,72.97205180640763,2934
1347,ngageoint-geowave.csv,BATCHBISECT,-1,random_exponential,-1,1403,52.1813224267212,2934
1348,ngageoint-geowave.csv,BATCHSTOP4,-1,random_exponential,-1,1437,51.02249488752556,2934
1349,ngageoint-geowave.csv,BATCHDIVIDE4,-1,random_exponential,-1,898,69.39331970006816,2934
1350,ngageoint-geowave.csv,BATCHBISECT,-1,random_random,-1,1403,52.1813224267212,2934
1351,ngageoint-geowave.csv,BATCHSTOP4,-1,random_random,-1,1374,53.169734151329244,2934
1352,ngageoint-geowave.csv,BATCHDIVIDE4,-1,random_random,-1,1669,43.115201090661216,2934
1353,sparklemotion-nokogiri.csv,BATCHBISECT,-1,linear,1,3709,36.34803500943882,5827
1354,sparklemotion-nokogiri.csv,BATCHBISECT,-1,linear,2,3377,42.04564956238202,5827
1355,sparklemotion-nokogiri.csv,BATCHBISECT,-1,linear,3,3294,43.47005320061781,5827
1356,sparklemotion-nokogiri.csv,BATCHBISECT,-1,linear,4,3123,46.40466792517591,5827
1357,sparklemotion-nokogiri.csv,BATCHSTOP4,-1,linear,1,4182,28.2306504204565,5827
1358,sparklemotion-nokogiri.csv,BATCHSTOP4,-1,linear,2,4340,25.51913506092329,5827
1359,sparklemotion-nokogiri.csv,BATCHSTOP4,-1,linear,3,4356,25.244551227046514,5827
1360,sparklemotion-nokogiri.csv,BATCHSTOP4,-1,linear,4,4483,23.065042045649562,5827
1361,sparklemotion-nokogiri.csv,BATCHDIVIDE4,-1,linear,1,4795,17.71065728505235,5827
1362,sparklemotion-nokogiri.csv,BATCHDIVIDE4,-1,linear,2,4996,14.261197871975284,5827
1363,sparklemotion-nokogiri.csv,BATCHDIVIDE4,-1,linear,3,4939,15.239402780161313,5827
1364,sparklemotion-nokogiri.csv,BATCHDIVIDE4,-1,linear,4,5186,11.000514844688524,5827
1365,sparklemotion-nokogiri.csv,BATCHBISECT,-1,exponential,2,3150,45.94130770550884,5827
1366,sparklemotion-nokogiri.csv,BATCHBISECT,-1,exponential,3,2951,49.3564441393513,5827
1367,sparklemotion-nokogiri.csv,BATCHSTOP4,-1,exponential,2,4370,25.004290372404327,5827
1368,sparklemotion-nokogiri.csv,BATCHSTOP4,-1,exponential,3,4670,19.855843487214685,5827
1369,sparklemotion-nokogiri.csv,BATCHDIVIDE4,-1,exponential,2,4934,15.325210228247812,5827
1370,sparklemotion-nokogiri.csv,BATCHDIVIDE4,-1,exponential,3,4670,19.855843487214685,5827
1371,sparklemotion-nokogiri.csv,BATCHBISECT,-1,stagger,2,2878,50.60923288141411,5827
1372,sparklemotion-nokogiri.csv,BATCHBISECT,-1,stagger,3,2886,50.47194096447571,5827
1373,sparklemotion-nokogiri.csv,BATCHSTOP4,-1,stagger,2,4581,21.38321606315428,5827
1374,sparklemotion-nokogiri.csv,BATCHSTOP4,-1,stagger,3,4518,22.4643899090441,5827
1375,sparklemotion-nokogiri.csv,BATCHDIVIDE4,-1,stagger,2,5133,11.91007379440535,5827
1376,sparklemotion-nokogiri.csv,BATCHDIVIDE4,-1,stagger,3,5092,12.613694868714603,5827
1377,sparklemotion-nokogiri.csv,BATCHBISECT,-1,random_linear,-1,3219,44.75716492191522,5827
1378,sparklemotion-nokogiri.csv,BATCHSTOP4,-1,random_linear,-1,4366,25.072936330873517,5827
1379,sparklemotion-nokogiri.csv,BATCHDIVIDE4,-1,random_linear,-1,3855,33.84245752531319,5827
1380,sparklemotion-nokogiri.csv,BATCHBISECT,-1,random_exponential,-1,3028,48.03500943881929,5827
1381,sparklemotion-nokogiri.csv,BATCHSTOP4,-1,random_exponential,-1,4410,24.317830787712367,5827
1382,sparklemotion-nokogiri.csv,BATCHDIVIDE4,-1,random_exponential,-1,3697,36.5539728848464,5827
1383,sparklemotion-nokogiri.csv,BATCHBISECT,-1,random_random,-1,3198,45.11755620387849,5827
1384,sparklemotion-nokogiri.csv,BATCHSTOP4,-1,random_random,-1,4367,25.055774841256223,5827
1385,sparklemotion-nokogiri.csv,BATCHDIVIDE4,-1,random_random,-1,5045,13.42028488072765,5827
1386,Graylog2-graylog2-server.csv,BATCHBISECT,-1,linear,1,1104,64.99682942295499,3154
1387,Graylog2-graylog2-server.csv,BATCHBISECT,-1,linear,2,1064,66.26506024096386,3154
1388,Graylog2-graylog2-server.csv,BATCHBISECT,-1,linear,3,1128,64.23589093214966,3154
1389,Graylog2-graylog2-server.csv,BATCHBISECT,-1,linear,4,1108,64.8700063411541,3154
1390,Graylog2-graylog2-server.csv,BATCHSTOP4,-1,linear,1,1041,66.99429296131896,3154
1391,Graylog2-graylog2-server.csv,BATCHSTOP4,-1,linear,2,1017,67.75523145212429,3154
1392,Graylog2-graylog2-server.csv,BATCHSTOP4,-1,linear,3,1051,66.67723525681674,3154
1393,Graylog2-graylog2-server.csv,BATCHSTOP4,-1,linear,4,1060,66.39188332276474,3154
1394,Graylog2-graylog2-server.csv,BATCHDIVIDE4,-1,linear,1,1429,54.692454026632845,3154
1395,Graylog2-graylog2-server.csv,BATCHDIVIDE4,-1,linear,2,1381,56.2143310082435,3154
1396,Graylog2-graylog2-server.csv,BATCHDIVIDE4,-1,linear,3,1427,54.75586556753329,3154
1397,Graylog2-graylog2-server.csv,BATCHDIVIDE4,-1,linear,4,1439,54.37539632213063,3154
1398,Graylog2-graylog2-server.csv,BATCHBISECT,-1,exponential,2,1019,67.69181991122385,3154
1399,Graylog2-graylog2-server.csv,BATCHBISECT,-1,exponential,3,1165,63.06277742549144,3154
1400,Graylog2-graylog2-server.csv,BATCHSTOP4,-1,exponential,2,987,68.70640456563095,3154
1401,Graylog2-graylog2-server.csv,BATCHSTOP4,-1,exponential,3,1129,64.20418516169943,3154
1402,Graylog2-graylog2-server.csv,BATCHDIVIDE4,-1,exponential,2,1307,58.56055802155992,3154
1403,Graylog2-graylog2-server.csv,BATCHDIVIDE4,-1,exponential,3,1158,63.284717818642996,3154
1404,Graylog2-graylog2-server.csv,BATCHBISECT,-1,stagger,2,1166,63.03107165504122,3154
1405,Graylog2-graylog2-server.csv,BATCHBISECT,-1,stagger,3,1129,64.20418516169943,3154
1406,Graylog2-graylog2-server.csv,BATCHSTOP4,-1,stagger,2,1112,64.7431832593532,3154
1407,Graylog2-graylog2-server.csv,BATCHSTOP4,-1,stagger,3,1079,65.78947368421052,3154
1408,Graylog2-graylog2-server.csv,BATCHDIVIDE4,-1,stagger,2,1429,54.692454026632845,3154
1409,Graylog2-graylog2-server.csv,BATCHDIVIDE4,-1,stagger,3,1413,55.199746353836396,3154
1410,Graylog2-graylog2-server.csv,BATCHBISECT,-1,random_linear,-1,1121,64.45783132530121,3154
1411,Graylog2-graylog2-server.csv,BATCHSTOP4,-1,random_linear,-1,1057,66.48700063411542,3154
1412,Graylog2-graylog2-server.csv,BATCHDIVIDE4,-1,random_linear,-1,381,87.92010145846544,3154
1413,Graylog2-graylog2-server.csv,BATCHBISECT,-1,random_exponential,-1,1116,64.61636017755231,3154
1414,Graylog2-graylog2-server.csv,BATCHSTOP4,-1,random_exponential,-1,1095,65.28218135700698,3154
1415,Graylog2-graylog2-server.csv,BATCHDIVIDE4,-1,random_exponential,-1,598,81.03994927076728,3154
1416,Graylog2-graylog2-server.csv,BATCHBISECT,-1,random_random,-1,1118,64.55294863665188,3154
1417,Graylog2-graylog2-server.csv,BATCHSTOP4,-1,random_random,-1,1061,66.36017755231452,3154
1418,Graylog2-graylog2-server.csv,BATCHDIVIDE4,-1,random_random,-1,1429,54.692454026632845,3154
1419,cloudfoundry-uaa.csv,BATCHBISECT,-1,linear,1,95,66.78321678321677,286
1420,cloudfoundry-uaa.csv,BATCHBISECT,-1,linear,2,89,68.88111888111888,286
1421,cloudfoundry-uaa.csv,BATCHBISECT,-1,linear,3,104,63.63636363636363,286
1422,cloudfoundry-uaa.csv,BATCHBISECT,-1,linear,4,98,65.73426573426573,286
1423,cloudfoundry-uaa.csv,BATCHSTOP4,-1,linear,1,85,70.27972027972028,286
1424,cloudfoundry-uaa.csv,BATCHSTOP4,-1,linear,2,80,72.02797202797203,286
1425,cloudfoundry-uaa.csv,BATCHSTOP4,-1,linear,3,98,65.73426573426573,286
1426,cloudfoundry-uaa.csv,BATCHSTOP4,-1,linear,4,93,67.48251748251748,286
1427,cloudfoundry-uaa.csv,BATCHDIVIDE4,-1,linear,1,123,56.99300699300699,286
1428,cloudfoundry-uaa.csv,BATCHDIVIDE4,-1,linear,2,118,58.74125874125874,286
1429,cloudfoundry-uaa.csv,BATCHDIVIDE4,-1,linear,3,128,55.24475524475525,286
1430,cloudfoundry-uaa.csv,BATCHDIVIDE4,-1,linear,4,131,54.19580419580419,286
1431,cloudfoundry-uaa.csv,BATCHBISECT,-1,exponential,2,93,67.48251748251748,286
1432,cloudfoundry-uaa.csv,BATCHBISECT,-1,exponential,3,103,63.98601398601399,286
1433,cloudfoundry-uaa.csv,BATCHSTOP4,-1,exponential,2,89,68.88111888111888,286
1434,cloudfoundry-uaa.csv,BATCHSTOP4,-1,exponential,3,94,67.13286713286713,286
1435,cloudfoundry-uaa.csv,BATCHDIVIDE4,-1,exponential,2,121,57.69230769230769,286
1436,cloudfoundry-uaa.csv,BATCHDIVIDE4,-1,exponential,3,120,58.04195804195804,286
1437,cloudfoundry-uaa.csv,BATCHBISECT,-1,stagger,2,99,65.38461538461539,286
1438,cloudfoundry-uaa.csv,BATCHBISECT,-1,stagger,3,97,66.08391608391608,286
1439,cloudfoundry-uaa.csv,BATCHSTOP4,-1,stagger,2,91,68.18181818181819,286
1440,cloudfoundry-uaa.csv,BATCHSTOP4,-1,stagger,3,97,66.08391608391608,286
1441,cloudfoundry-uaa.csv,BATCHDIVIDE4,-1,stagger,2,123,56.99300699300699,286
1442,cloudfoundry-uaa.csv,BATCHDIVIDE4,-1,stagger,3,125,56.29370629370629,286
1443,cloudfoundry-uaa.csv,BATCHBISECT,-1,random_linear,-1,103,63.98601398601399,286
1444,cloudfoundry-uaa.csv,BATCHSTOP4,-1,random_linear,-1,85,70.27972027972028,286
1445,cloudfoundry-uaa.csv,BATCHDIVIDE4,-1,random_linear,-1,20,93.00699300699301,286
1446,cloudfoundry-uaa.csv,BATCHBISECT,-1,random_exponential,-1,96,66.43356643356643,286
1447,cloudfoundry-uaa.csv,BATCHSTOP4,-1,random_exponential,-1,88,69.23076923076923,286
1448,cloudfoundry-uaa.csv,BATCHDIVIDE4,-1,random_exponential,-1,41,85.66433566433567,286
1449,cloudfoundry-uaa.csv,BATCHBISECT,-1,random_random,-1,85,70.27972027972028,286
1450,cloudfoundry-uaa.csv,BATCHSTOP4,-1,random_random,-1,93,67.48251748251748,286
1451,cloudfoundry-uaa.csv,BATCHDIVIDE4,-1,random_random,-1,120,58.04195804195804,286
1452,apache-jackrabbit-oak.csv,BATCHBISECT,-1,linear,1,7385,2.623945147679322,7584
1453,apache-jackrabbit-oak.csv,BATCHBISECT,-1,linear,2,7516,0.8966244725738335,7584
1454,apache-jackrabbit-oak.csv,BATCHBISECT,-1,linear,3,7532,0.6856540084388172,7584
1455,apache-jackrabbit-oak.csv,BATCHBISECT,-1,linear,4,7597,-0.17141350210970074,7584
1456,apache-jackrabbit-oak.csv,BATCHSTOP4,-1,linear,1,8720,-14.978902953586498,7584
1457,apache-jackrabbit-oak.csv,BATCHSTOP4,-1,linear,2,8739,-15.22943037974683,7584
1458,apache-jackrabbit-oak.csv,BATCHSTOP4,-1,linear,3,8882,-17.11497890295358,7584
1459,apache-jackrabbit-oak.csv,BATCHSTOP4,-1,linear,4,9051,-19.343354430379748,7584
1460,apache-jackrabbit-oak.csv,BATCHDIVIDE4,-1,linear,1,8804,-16.086497890295362,7584
1461,apache-jackrabbit-oak.csv,BATCHDIVIDE4,-1,linear,2,8832,-16.45569620253164,7584
1462,apache-jackrabbit-oak.csv,BATCHDIVIDE4,-1,linear,3,8944,-17.932489451476798,7584
1463,apache-jackrabbit-oak.csv,BATCHDIVIDE4,-1,linear,4,9181,-21.057489451476798,7584
1464,apache-jackrabbit-oak.csv,BATCHBISECT,-1,exponential,2,7377,2.7294303797468302,7584
1465,apache-jackrabbit-oak.csv,BATCHBISECT,-1,exponential,3,7466,1.5559071729957736,7584
1466,apache-jackrabbit-oak.csv,BATCHSTOP4,-1,exponential,2,8763,-15.545886075949369,7584
1467,apache-jackrabbit-oak.csv,BATCHSTOP4,-1,exponential,3,8769,-15.625,7584
1468,apache-jackrabbit-oak.csv,BATCHDIVIDE4,-1,exponential,2,8847,-16.653481012658233,7584
1469,apache-jackrabbit-oak.csv,BATCHDIVIDE4,-1,exponential,3,8769,-15.625,7584
1470,apache-jackrabbit-oak.csv,BATCHBISECT,-1,stagger,2,7123,6.078586497890299,7584
1471,apache-jackrabbit-oak.csv,BATCHBISECT,-1,stagger,3,7433,1.991033755274259,7584
1472,apache-jackrabbit-oak.csv,BATCHSTOP4,-1,stagger,2,8964,-18.196202531645568,7584
1473,apache-jackrabbit-oak.csv,BATCHSTOP4,-1,stagger,3,8929,-17.734704641350206,7584
1474,apache-jackrabbit-oak.csv,BATCHDIVIDE4,-1,stagger,2,9061,-19.475210970464133,7584
1475,apache-jackrabbit-oak.csv,BATCHDIVIDE4,-1,stagger,3,9014,-18.855485232067508,7584
1476,apache-jackrabbit-oak.csv,BATCHBISECT,-1,random_linear,-1,8443,-11.326476793248943,7584
1477,apache-jackrabbit-oak.csv,BATCHSTOP4,-1,random_linear,-1,8844,-16.613924050632917,7584
1478,apache-jackrabbit-oak.csv,BATCHDIVIDE4,-1,random_linear,-1,7861,-3.652426160337555,7584
1479,apache-jackrabbit-oak.csv,BATCHBISECT,-1,random_exponential,-1,7691,-1.41086497890295,7584
1480,apache-jackrabbit-oak.csv,BATCHSTOP4,-1,random_exponential,-1,8907,-17.444620253164558,7584
1481,apache-jackrabbit-oak.csv,BATCHDIVIDE4,-1,random_exponential,-1,7628,-0.580168776371309,7584
1482,apache-jackrabbit-oak.csv,BATCHBISECT,-1,random_random,-1,8336,-9.915611814345993,7584
1483,apache-jackrabbit-oak.csv,BATCHSTOP4,-1,random_random,-1,8764,-15.559071729957807,7584
1484,apache-jackrabbit-oak.csv,BATCHDIVIDE4,-1,random_random,-1,8907,-17.444620253164558,7584
1485,apache-pdfbox.csv,BATCHBISECT,-1,linear,1,8510,5.318202047174012,8988
1486,apache-pdfbox.csv,BATCHBISECT,-1,linear,2,8442,6.074766355140184,8988
1487,apache-pdfbox.csv,BATCHBISECT,-1,linear,3,8505,5.3738317757009355,8988
1488,apache-pdfbox.csv,BATCHBISECT,-1,linear,4,8546,4.917668001780157,8988
1489,apache-pdfbox.csv,BATCHSTOP4,-1,linear,1,10203,-13.518024032042717,8988
1490,apache-pdfbox.csv,BATCHSTOP4,-1,linear,2,10771,-19.837561192701386,8988
1491,apache-pdfbox.csv,BATCHSTOP4,-1,linear,3,10663,-18.63595905651981,8988
1492,apache-pdfbox.csv,BATCHSTOP4,-1,linear,4,10679,-18.813974187805968,8988
1493,apache-pdfbox.csv,BATCHDIVIDE4,-1,linear,1,10375,-15.431686693368931,8988
1494,apache-pdfbox.csv,BATCHDIVIDE4,-1,linear,2,10972,-22.073876279483756,8988
1495,apache-pdfbox.csv,BATCHDIVIDE4,-1,linear,3,10825,-20.43836226079216,8988
1496,apache-pdfbox.csv,BATCHDIVIDE4,-1,linear,4,10923,-21.52870493991989,8988
1497,apache-pdfbox.csv,BATCHBISECT,-1,exponential,2,8485,5.596350689808631,8988
1498,apache-pdfbox.csv,BATCHBISECT,-1,exponential,3,8506,5.362705829995548,8988
1499,apache-pdfbox.csv,BATCHSTOP4,-1,exponential,2,10404,-15.7543391188251,8988
1500,apache-pdfbox.csv,BATCHSTOP4,-1,exponential,3,11249,-25.155763239875384,8988
1501,apache-pdfbox.csv,BATCHDIVIDE4,-1,exponential,2,10562,-17.512238540275916,8988
1502,apache-pdfbox.csv,BATCHDIVIDE4,-1,exponential,3,11250,-25.16688918558077,8988
1503,apache-pdfbox.csv,BATCHBISECT,-1,stagger,2,8155,9.267912772585674,8988
1504,apache-pdfbox.csv,BATCHBISECT,-1,stagger,3,8337,7.242990654205613,8988
1505,apache-pdfbox.csv,BATCHSTOP4,-1,stagger,2,10909,-21.372941700044507,8988
1506,apache-pdfbox.csv,BATCHSTOP4,-1,stagger,3,11338,-26.145972407654654,8988
1507,apache-pdfbox.csv,BATCHDIVIDE4,-1,stagger,2,11092,-23.408989764129956,8988
1508,apache-pdfbox.csv,BATCHDIVIDE4,-1,stagger,3,11525,-28.22652425456164,8988
1509,apache-pdfbox.csv,BATCHBISECT,-1,random_linear,-1,9458,-5.229194481530925,8988
1510,apache-pdfbox.csv,BATCHSTOP4,-1,random_linear,-1,10770,-19.826435246996,8988
1511,apache-pdfbox.csv,BATCHDIVIDE4,-1,random_linear,-1,9817,-9.223408989764124,8988
1512,apache-pdfbox.csv,BATCHBISECT,-1,random_exponential,-1,8854,1.4908767245215842,8988
1513,apache-pdfbox.csv,BATCHSTOP4,-1,random_exponential,-1,10810,-20.27147307521139,8988
1514,apache-pdfbox.csv,BATCHDIVIDE4,-1,random_exponential,-1,10025,-11.537605696484206,8988
1515,apache-pdfbox.csv,BATCHBISECT,-1,random_random,-1,9400,-4.5838896306186,8988
1516,apache-pdfbox.csv,BATCHSTOP4,-1,random_random,-1,10593,-17.85714285714286,8988
1517,apache-pdfbox.csv,BATCHDIVIDE4,-1,random_random,-1,10808,-20.24922118380063,8988
1518,apache-sling.csv,BATCHBISECT,-1,linear,1,14398,-0.7134862898712981,14296
1519,apache-sling.csv,BATCHBISECT,-1,linear,2,14266,0.20984890878567342,14296
1520,apache-sling.csv,BATCHBISECT,-1,linear,3,14243,0.3707330721880311,14296
1521,apache-sling.csv,BATCHBISECT,-1,linear,4,14234,0.43368774482372885,14296
1522,apache-sling.csv,BATCHSTOP4,-1,linear,1,28050,-96.20872971460548,14296
1523,apache-sling.csv,BATCHSTOP4,-1,linear,2,28165,-97.01315053161724,14296
1524,apache-sling.csv,BATCHSTOP4,-1,linear,3,28153,-96.92921096810298,14296
1525,apache-sling.csv,BATCHSTOP4,-1,linear,4,28159,-96.97118074986011,14296
1526,apache-sling.csv,BATCHDIVIDE4,-1,linear,1,28067,-96.32764409625071,14296
1527,apache-sling.csv,BATCHDIVIDE4,-1,linear,2,28188,-97.1740346950196,14296
1528,apache-sling.csv,BATCHDIVIDE4,-1,linear,3,28170,-97.04812534974818,14296
1529,apache-sling.csv,BATCHDIVIDE4,-1,linear,4,28175,-97.08310016787914,14296
1530,apache-sling.csv,BATCHBISECT,-1,exponential,2,14285,0.07694459988807978,14296
1531,apache-sling.csv,BATCHBISECT,-1,exponential,3,14250,0.32176832680470113,14296
1532,apache-sling.csv,BATCHSTOP4,-1,exponential,2,28121,-96.70537213206492,14296
1533,apache-sling.csv,BATCHSTOP4,-1,exponential,3,28174,-97.07610520425294,14296
1534,apache-sling.csv,BATCHDIVIDE4,-1,exponential,2,28134,-96.79630665920538,14296
1535,apache-sling.csv,BATCHDIVIDE4,-1,exponential,3,28174,-97.07610520425294,14296
1536,apache-sling.csv,BATCHBISECT,-1,stagger,2,14235,0.42669278119753073,14296
1537,apache-sling.csv,BATCHBISECT,-1,stagger,3,14255,0.2867935086737532,14296
1538,apache-sling.csv,BATCHSTOP4,-1,stagger,2,28144,-96.86625629546725,14296
1539,apache-sling.csv,BATCHSTOP4,-1,stagger,3,28177,-97.0970900951315,14296
1540,apache-sling.csv,BATCHDIVIDE4,-1,stagger,2,28157,-96.95719082260771,14296
1541,apache-sling.csv,BATCHDIVIDE4,-1,stagger,3,28185,-97.153049804141,14296
1542,apache-sling.csv,BATCHBISECT,-1,random_linear,-1,14356,-0.41969781757134683,14296
1543,apache-sling.csv,BATCHSTOP4,-1,random_linear,-1,28116,-96.67039731393396,14296
1544,apache-sling.csv,BATCHDIVIDE4,-1,random_linear,-1,28030,-96.06883044208169,14296
1545,apache-sling.csv,BATCHBISECT,-1,random_exponential,-1,14313,-0.11891438164521162,14296
1546,apache-sling.csv,BATCHSTOP4,-1,random_exponential,-1,28151,-96.91522104085058,14296
1547,apache-sling.csv,BATCHDIVIDE4,-1,random_exponential,-1,28021,-96.00587576944599,14296
1548,apache-sling.csv,BATCHBISECT,-1,random_random,-1,14397,-0.7064913262451,14296
1549,apache-sling.csv,BATCHSTOP4,-1,random_random,-1,28097,-96.53749300503637,14296
1550,apache-sling.csv,BATCHDIVIDE4,-1,random_random,-1,28131,-96.77532176832679,14296
1551,SonarSource-sonar-java.csv,BATCHBISECT,-1,linear,1,7114,41.88383302017809,12241
1552,SonarSource-sonar-java.csv,BATCHBISECT,-1,linear,2,7010,42.733436810718075,12241
1553,SonarSource-sonar-java.csv,BATCHBISECT,-1,linear,3,6944,43.2726084470223,12241
1554,SonarSource-sonar-java.csv,BATCHBISECT,-1,linear,4,6698,45.282248182338044,12241
1555,SonarSource-sonar-java.csv,BATCHSTOP4,-1,linear,1,6333,48.264030716444736,12241
1556,SonarSource-sonar-java.csv,BATCHSTOP4,-1,linear,2,6270,48.778694551098766,12241
1557,SonarSource-sonar-java.csv,BATCHSTOP4,-1,linear,3,6314,48.419246793562614,12241
1558,SonarSource-sonar-java.csv,BATCHSTOP4,-1,linear,4,6576,46.27889878277919,12241
1559,SonarSource-sonar-java.csv,BATCHDIVIDE4,-1,linear,1,7488,38.828527081120825,12241
1560,SonarSource-sonar-java.csv,BATCHDIVIDE4,-1,linear,2,7547,38.34654031533371,12241
1561,SonarSource-sonar-java.csv,BATCHDIVIDE4,-1,linear,3,7429,39.31051384690793,12241
1562,SonarSource-sonar-java.csv,BATCHDIVIDE4,-1,linear,4,7940,35.136018299158565,12241
1563,SonarSource-sonar-java.csv,BATCHBISECT,-1,exponential,2,6930,43.38697818805653,12241
1564,SonarSource-sonar-java.csv,BATCHBISECT,-1,exponential,3,6424,47.520627399722244,12241
1565,SonarSource-sonar-java.csv,BATCHSTOP4,-1,exponential,2,6222,49.170819377501836,12241
1566,SonarSource-sonar-java.csv,BATCHSTOP4,-1,exponential,3,6713,45.159709174087084,12241
1567,SonarSource-sonar-java.csv,BATCHDIVIDE4,-1,exponential,2,7290,40.44604199003349,12241
1568,SonarSource-sonar-java.csv,BATCHDIVIDE4,-1,exponential,3,6713,45.159709174087084,12241
1569,SonarSource-sonar-java.csv,BATCHBISECT,-1,stagger,2,6360,48.04346050159301,12241
1570,SonarSource-sonar-java.csv,BATCHBISECT,-1,stagger,3,6252,48.925741360999915,12241
1571,SonarSource-sonar-java.csv,BATCHSTOP4,-1,stagger,2,6754,44.824769218201126,12241
1572,SonarSource-sonar-java.csv,BATCHSTOP4,-1,stagger,3,6776,44.645045339433054,12241
1573,SonarSource-sonar-java.csv,BATCHDIVIDE4,-1,stagger,2,7768,36.541132260436235,12241
1574,SonarSource-sonar-java.csv,BATCHDIVIDE4,-1,stagger,3,7821,36.10816109794951,12241
1575,SonarSource-sonar-java.csv,BATCHBISECT,-1,random_linear,-1,6900,43.63205620455845,12241
1576,SonarSource-sonar-java.csv,BATCHSTOP4,-1,random_linear,-1,6389,47.80655175230782,12241
1577,SonarSource-sonar-java.csv,BATCHDIVIDE4,-1,random_linear,-1,4046,66.94714484110776,12241
1578,SonarSource-sonar-java.csv,BATCHBISECT,-1,random_exponential,-1,6536,46.60566947144841,12241
1579,SonarSource-sonar-java.csv,BATCHSTOP4,-1,random_exponential,-1,6643,45.73155787925823,12241
1580,SonarSource-sonar-java.csv,BATCHDIVIDE4,-1,random_exponential,-1,4250,65.2806143288947,12241
1581,SonarSource-sonar-java.csv,BATCHBISECT,-1,random_random,-1,6852,44.02418103096152,12241
1582,SonarSource-sonar-java.csv,BATCHSTOP4,-1,random_random,-1,6301,48.525447267380116,12241
1583,SonarSource-sonar-java.csv,BATCHDIVIDE4,-1,random_random,-1,7537,38.42823298750102,12241
1584,killbill-killbill.csv,BATCHBISECT,-1,linear,1,5125,19.909360837630885,6399
1585,killbill-killbill.csv,BATCHBISECT,-1,linear,2,4790,25.144553836536957,6399
1586,killbill-killbill.csv,BATCHBISECT,-1,linear,3,4739,25.94155336771371,6399
1587,killbill-killbill.csv,BATCHBISECT,-1,linear,4,4572,28.55133614627286,6399
1588,killbill-killbill.csv,BATCHSTOP4,-1,linear,1,6258,2.203469292076889,6399
1589,killbill-killbill.csv,BATCHSTOP4,-1,linear,2,6471,-1.1251758087201154,6399
1590,killbill-killbill.csv,BATCHSTOP4,-1,linear,3,6439,-0.6250976715111705,6399
1591,killbill-killbill.csv,BATCHSTOP4,-1,linear,4,6555,-2.4378809188935833,6399
1592,killbill-killbill.csv,BATCHDIVIDE4,-1,linear,1,6690,-4.547585560243789,6399
1593,killbill-killbill.csv,BATCHDIVIDE4,-1,linear,2,6928,-8.26691670573527,6399
1594,killbill-killbill.csv,BATCHDIVIDE4,-1,linear,3,6839,-6.8760743866229035,6399
1595,killbill-killbill.csv,BATCHDIVIDE4,-1,linear,4,7019,-9.689013908423192,6399
1596,killbill-killbill.csv,BATCHBISECT,-1,exponential,2,4602,28.08251289263947,6399
1597,killbill-killbill.csv,BATCHBISECT,-1,exponential,3,4325,32.41131426785435,6399
1598,killbill-killbill.csv,BATCHSTOP4,-1,exponential,2,6443,-0.6876074386622975,6399
1599,killbill-killbill.csv,BATCHSTOP4,-1,exponential,3,6787,-6.0634474136583805,6399
1600,killbill-killbill.csv,BATCHDIVIDE4,-1,exponential,2,6805,-6.344741365838416,6399
1601,killbill-killbill.csv,BATCHDIVIDE4,-1,exponential,3,6787,-6.0634474136583805,6399
1602,killbill-killbill.csv,BATCHBISECT,-1,stagger,2,4336,32.239412408188784,6399
1603,killbill-killbill.csv,BATCHBISECT,-1,stagger,3,4303,32.7551179871855,6399
1604,killbill-killbill.csv,BATCHSTOP4,-1,stagger,2,6711,-4.875761837787152,6399
1605,killbill-killbill.csv,BATCHSTOP4,-1,stagger,3,6682,-4.422566025941549,6399
1606,killbill-killbill.csv,BATCHDIVIDE4,-1,stagger,2,7070,-10.486013439599944,6399
1607,killbill-killbill.csv,BATCHDIVIDE4,-1,stagger,3,7074,-10.548523206751057,6399
1608,killbill-killbill.csv,BATCHBISECT,-1,random_linear,-1,4771,25.441475230504764,6399
1609,killbill-killbill.csv,BATCHSTOP4,-1,random_linear,-1,6517,-1.8440381309579692,6399
1610,killbill-killbill.csv,BATCHDIVIDE4,-1,random_linear,-1,5791,9.50148460696984,6399
1611,killbill-killbill.csv,BATCHBISECT,-1,random_exponential,-1,4464,30.23909985935302,6399
1612,killbill-killbill.csv,BATCHSTOP4,-1,random_exponential,-1,6558,-2.4847632442569108,6399
1613,killbill-killbill.csv,BATCHDIVIDE4,-1,random_exponential,-1,5878,8.14189717143303,6399
1614,killbill-killbill.csv,BATCHBISECT,-1,random_random,-1,4636,27.551179871854984,6399
1615,killbill-killbill.csv,BATCHSTOP4,-1,random_random,-1,6441,-0.6563525550867269,6399
1616,killbill-killbill.csv,BATCHDIVIDE4,-1,random_random,-1,6926,-8.235661822159713,6399
1617,checkstyle-checkstyle.csv,BATCHBISECT,-1,linear,1,12390,73.4933572941403,46743
1618,checkstyle-checkstyle.csv,BATCHBISECT,-1,linear,2,11744,74.87538241020046,46743
1619,checkstyle-checkstyle.csv,BATCHBISECT,-1,linear,3,11278,75.8723231285968,46743
1620,checkstyle-checkstyle.csv,BATCHBISECT,-1,linear,4,10981,76.50771238474209,46743
1621,checkstyle-checkstyle.csv,BATCHSTOP4,-1,linear,1,11328,75.76535524035684,46743
1622,checkstyle-checkstyle.csv,BATCHSTOP4,-1,linear,2,11936,74.46462571935905,46743
1623,checkstyle-checkstyle.csv,BATCHSTOP4,-1,linear,3,11865,74.61652012065977,46743
1624,checkstyle-checkstyle.csv,BATCHSTOP4,-1,linear,4,12804,72.60766317951351,46743
1625,checkstyle-checkstyle.csv,BATCHDIVIDE4,-1,linear,1,19018,59.31369402905248,46743
1626,checkstyle-checkstyle.csv,BATCHDIVIDE4,-1,linear,2,20013,57.18503305307747,46743
1627,checkstyle-checkstyle.csv,BATCHDIVIDE4,-1,linear,3,19341,58.622681471022396,46743
1628,checkstyle-checkstyle.csv,BATCHDIVIDE4,-1,linear,4,21835,53.287123205613675,46743
1629,checkstyle-checkstyle.csv,BATCHBISECT,-1,exponential,2,10438,77.66938365102796,46743
1630,checkstyle-checkstyle.csv,BATCHBISECT,-1,exponential,3,11034,76.39432642320776,46743
1631,checkstyle-checkstyle.csv,BATCHSTOP4,-1,exponential,2,11920,74.49885544359583,46743
1632,checkstyle-checkstyle.csv,BATCHSTOP4,-1,exponential,3,14616,68.73114690969771,46743
1633,checkstyle-checkstyle.csv,BATCHDIVIDE4,-1,exponential,2,19242,58.8344778897375,46743
1634,checkstyle-checkstyle.csv,BATCHDIVIDE4,-1,exponential,3,14628,68.70547461652012,46743
1635,checkstyle-checkstyle.csv,BATCHBISECT,-1,stagger,2,9422,79.84297114006375,46743
1636,checkstyle-checkstyle.csv,BATCHBISECT,-1,stagger,3,9330,80.03979205442526,46743
1637,checkstyle-checkstyle.csv,BATCHSTOP4,-1,stagger,2,12781,72.65686840810389,46743
1638,checkstyle-checkstyle.csv,BATCHSTOP4,-1,stagger,3,12804,72.60766317951351,46743
1639,checkstyle-checkstyle.csv,BATCHDIVIDE4,-1,stagger,2,20102,56.99463021201036,46743
1640,checkstyle-checkstyle.csv,BATCHDIVIDE4,-1,stagger,3,20164,56.861990030592814,46743
1641,checkstyle-checkstyle.csv,BATCHBISECT,-1,random_linear,-1,10402,77.74640053056072,46743
1642,checkstyle-checkstyle.csv,BATCHSTOP4,-1,random_linear,-1,11600,75.18344992833151,46743
1643,checkstyle-checkstyle.csv,BATCHDIVIDE4,-1,random_linear,-1,10838,76.81364054510836,46743
1644,checkstyle-checkstyle.csv,BATCHBISECT,-1,random_exponential,-1,9467,79.7467000406478,46743
1645,checkstyle-checkstyle.csv,BATCHSTOP4,-1,random_exponential,-1,11712,74.94384185867403,46743
1646,checkstyle-checkstyle.csv,BATCHDIVIDE4,-1,random_exponential,-1,9966,78.6791605160131,46743
1647,checkstyle-checkstyle.csv,BATCHBISECT,-1,random_random,-1,10348,77.86192584985987,46743
1648,checkstyle-checkstyle.csv,BATCHSTOP4,-1,random_random,-1,12043,74.23571443852555,46743
1649,checkstyle-checkstyle.csv,BATCHDIVIDE4,-1,random_random,-1,19571,58.13062918511863,46743
